PMID,SPLIT,DOMAIN,OBSERVED
8673502,test,HEARING,1.153994271825084
8805334,test,HEARING,1.3622274062653572
9918735,test,HEARING,1.3053165515190954
10022496,test,HEARING,1.289296783124569
10769317,test,HEARING,1.0967781865724808
10923655,test,HEARING,1.2220156172546632
11467915,test,HEARING,1.1100193025288672
11549617,test,HEARING,1.386353544278549
11711895,test,HEARING,1.315279005887721
11742243,test,HEARING,1.2222547197202696
12091578,test,HEARING,1.2385851562492407
12147314,test,HEARING,1.183684544834991
12477703,test,HEARING,1.2135830142042578
12571120,test,HEARING,1.220158149948967
12740408,test,HEARING,1.373092393623948
12909719,test,HEARING,1.4664665323521722
14527597,test,HEARING,1.3385466597300313
15238446,test,HEARING,1.2849498036294236
15258587,test,HEARING,1.4042117499928994
15260962,test,HEARING,1.3689715513662477
15808988,test,HEARING,1.3351641344570937
15905031,test,HEARING,1.37133579134377
15907316,test,HEARING,1.2341938771410383
15921935,test,HEARING,1.3412064257539618
15961053,test,HEARING,1.142683967119498
16255007,test,HEARING,1.1406790781517382
16529950,test,HEARING,1.1390062480551641
16624581,test,HEARING,1.14265575605349
16855090,test,HEARING,1.215046999263714
16928852,test,HEARING,1.400254171967666
17094120,test,HEARING,1.2246728965817928
17462916,test,HEARING,1.238324005858045
17488205,test,HEARING,1.1938758151317235
17497646,test,HEARING,1.1982209585107195
17986612,test,HEARING,1.0410038320928832
18203622,test,HEARING,1.1742907688322113
18434103,test,HEARING,1.2398782162641613
18822455,test,HEARING,1.2416096858286125
18980863,test,HEARING,1.0969114209744897
18988738,test,HEARING,1.1344332934268047
19162200,test,HEARING,1.140597985418984
19162389,test,HEARING,1.2276314130090231
19347876,test,HEARING,1.448121749004846
19481162,test,HEARING,1.4183932174014533
19812344,test,HEARING,1.3751411016629982
19817808,test,HEARING,1.3028265678122775
20219991,test,HEARING,1.3648708415392528
20833698,test,HEARING,1.178024192318986
20861384,test,HEARING,1.2317585886634532
20932914,test,HEARING,1.3210672101531844
21256231,test,HEARING,1.2693943597847754
21298563,test,HEARING,1.0951148982004701
21339513,test,HEARING,1.1416519208540499
21484948,test,HEARING,1.3916521212514374
21624474,test,HEARING,1.2683770289949226
21880924,test,HEARING,1.2853768245750585
21945697,test,HEARING,1.1322591859536562
22330101,test,HEARING,1.2887592067721205
22819967,test,HEARING,1.0530787997768436
22920262,test,HEARING,1.107523068917655
23672819,test,HEARING,1.2800941680383426
23691185,test,HEARING,1.204863057817893
24798224,test,HEARING,1.0871096933706017
24828642,test,HEARING,1.322661729492977
25110231,test,HEARING,1.093119255970293
25173956,test,HEARING,1.2721683379445872
25331600,test,HEARING,1.1829680354373975
25767441,test,HEARING,1.1418967137736644
25998957,test,HEARING,1.2013629952505946
26413475,test,HEARING,1.2205408706820688
26603369,test,HEARING,1.1279901870119091
26759791,test,HEARING,1.1460047376357403
27122026,test,HEARING,1.1844671203918833
27205875,test,HEARING,1.1152688597430869
27746728,test,HEARING,1.0923860377927141
27916664,test,HEARING,1.1885493121559974
28254454,test,HEARING,1.2050980962165043
2296583,test,MEANING,1.0598436597159553
8592204,test,MEANING,1.147558457649923
10402199,test,MEANING,1.3262497805523652
10581226,test,MEANING,1.2394989250665889
10680763,test,MEANING,1.174477043870778
11100155,test,MEANING,1.1217938446409839
11564326,test,MEANING,1.2884822070253243
12112767,test,MEANING,1.2417179204319742
12668238,test,MEANING,1.2460637383891824
14638592,test,MEANING,1.061136427636253
15083528,test,MEANING,1.176737045770725
15109993,test,MEANING,1.2358907872459373
15120536,test,MEANING,1.244560871256783
15142962,test,MEANING,1.1881275828944615
15533557,test,MEANING,1.199353916087213
15808982,test,MEANING,1.2075635882872782
16009569,test,MEANING,1.2014506671234844
16165371,test,MEANING,1.2061182767964638
16290261,test,MEANING,1.2304219296409793
16460792,test,MEANING,1.2178136131191433
16806317,test,MEANING,1.2189382563374531
17159232,test,MEANING,1.238424612334491
17239622,test,MEANING,1.0752016599423855
17370339,test,MEANING,1.0791993831749873
17949905,test,MEANING,1.1167483522402362
18061483,test,MEANING,1.2224389582148822
18344173,test,MEANING,1.1282252628460507
18619668,test,MEANING,1.2201630136718309
18661503,test,MEANING,1.1452191770649105
19016600,test,MEANING,1.2661599197306501
19199402,test,MEANING,1.2489615520034179
19296728,test,MEANING,1.2332697000019326
19328233,test,MEANING,1.3318411618921722
19538948,test,MEANING,1.3177526470507028
19569073,test,MEANING,1.1139584883991533
19621242,test,MEANING,1.2801490506378723
20071459,test,MEANING,1.2093836666339974
20157373,test,MEANING,1.1685690383031588
21147136,test,MEANING,1.2508257945996486
21159952,test,MEANING,1.2199043859238734
21439268,test,MEANING,1.2168492874829941
21705060,test,MEANING,1.22567734114636
22016480,test,MEANING,1.1059697745547739
22555573,test,MEANING,1.1403045877492757
23287569,test,MEANING,1.141439071242706
23568365,test,MEANING,1.2364527648775039
23796961,test,MEANING,1.1371606203353504
24405186,test,MEANING,1.179683165515909
24557638,test,MEANING,1.2887663953732582
24725071,test,MEANING,1.1249823509425758
24840874,test,MEANING,1.0692126723637214
25067812,test,MEANING,1.1327244245309935
25726898,test,MEANING,1.2541923287214363
25962953,test,MEANING,1.2043780322193303
26151102,test,MEANING,1.2256817585485078
26818505,test,MEANING,1.1775651930789701
27014040,test,MEANING,1.2821862774854478
27523024,test,MEANING,1.2226838160829605
27851821,test,MEANING,1.2170143594752811
28214981,test,MEANING,1.2132060602143435
29236772,test,MEANING,1.2229411573434668
9210741,test,EMOTION,1.0945310701526187
11549754,test,EMOTION,1.1399906606795418
12948690,test,EMOTION,1.1479765562372888
14741678,test,EMOTION,1.0726047931900176
15450788,test,EMOTION,1.1372409064501525
15930371,test,EMOTION,1.2075596899963572
16139812,test,EMOTION,1.236361321066523
17400251,test,EMOTION,1.0576892037205983
17481593,test,EMOTION,1.172835830928719
17579609,test,EMOTION,1.1040355782668658
17617382,test,EMOTION,1.1591032984763299
18344175,test,EMOTION,1.079786711995663
18353521,test,EMOTION,1.1886719675976094
18541279,test,EMOTION,1.1792487056281684
18996489,test,EMOTION,1.1200652768187827
19015101,test,EMOTION,1.172018503912784
19015102,test,EMOTION,1.2256693443845696
19151376,test,EMOTION,1.0796272551794193
19321655,test,EMOTION,1.1366920686068882
19423079,test,EMOTION,1.1608166084363811
19446795,test,EMOTION,1.2241803845177397
20070577,test,EMOTION,1.1594575338726378
20401747,test,EMOTION,1.1343541824258545
20520836,test,EMOTION,1.2617925649626203
20723605,test,EMOTION,1.0915814958754186
21071182,test,EMOTION,1.0887658475018194
21382560,test,EMOTION,1.1172168975058305
21601433,test,EMOTION,1.0972480644190088
21731599,test,EMOTION,1.1867999297063334
22112927,test,EMOTION,1.0100834401829708
22490172,test,EMOTION,1.0846987851951877
22574175,test,EMOTION,1.0844426462075558
22659393,test,EMOTION,1.0689718572266413
22695257,test,EMOTION,1.1357350681432115
23355265,test,EMOTION,1.0555372502183236
23470285,test,EMOTION,1.1991393245692936
23651705,test,EMOTION,1.158105318506089
23840392,test,EMOTION,1.0282255436407262
24027512,test,EMOTION,1.0769375977883737
24622213,test,EMOTION,1.093004436310996
25309400,test,EMOTION,1.0498553698667106
25438046,test,EMOTION,1.1571035364023239
25439326,test,EMOTION,1.1750759483873026
25483399,test,EMOTION,1.0896309904203907
25542304,test,EMOTION,1.0478121370601423
25573399,test,EMOTION,1.0474924059001887
25937342,test,EMOTION,1.1796726469165928
26070898,test,EMOTION,1.11712522025304
26084229,test,EMOTION,1.1398707441597258
26347227,test,EMOTION,1.0949860563604998
26522869,test,EMOTION,1.2565625752700593
26808504,test,EMOTION,1.1041540549888333
26865423,test,EMOTION,1.2492470021219744
27062552,test,EMOTION,1.072258707413461
27272198,test,EMOTION,1.1774400249324244
27329685,test,EMOTION,1.2207430973946314
27717769,test,EMOTION,1.273807236253199
28375210,test,EMOTION,1.1745649584707956
28844425,test,EMOTION,1.2197243033490999
28959198,test,EMOTION,1.122268673005218
29048603,test,EMOTION,1.0947873395140468
29172052,test,EMOTION,1.2976956191276987
29615882,test,EMOTION,1.2055821643833324
29688872,test,EMOTION,1.1654822302909136
10430951,test,VISION,1.3172433026939623
10624956,test,VISION,1.151440079440987
10920049,test,VISION,1.2823781839635444
11322986,test,VISION,1.2017029046594545
11707096,test,VISION,1.2796622756676106
11907685,test,VISION,1.3320161355716125
11988177,test,VISION,1.3117059803649171
12590843,test,VISION,0.9728333117144112
12757885,test,VISION,1.1899543767038239
12874776,test,VISION,1.0993948142633054
14511835,test,VISION,1.066398284438996
14736578,test,VISION,1.1491908738958825
15003179,test,VISION,1.0689293166157527
15064396,test,VISION,1.1948216632250672
15281140,test,VISION,1.162676015095202
15627583,test,VISION,1.1297071695688892
15703257,test,VISION,1.1707353282808544
15993630,test,VISION,1.229660729841792
16005247,test,VISION,0.9962136302097313
16343950,test,VISION,1.0300288779415387
16556505,test,VISION,1.0429334579612535
16648452,test,VISION,1.1969723193346078
16779799,test,VISION,1.3225718531074357
17055155,test,VISION,1.130487119303223
17080435,test,VISION,1.2448987482942606
17596422,test,VISION,0.9541572492017816
17631871,test,VISION,1.1865746659599739
17717657,test,VISION,1.0202525847219708
17908169,test,VISION,1.0623910606765692
18342542,test,VISION,1.0962656485287199
18346831,test,VISION,1.3444387390366557
18480270,test,VISION,1.252894748233428
18930036,test,VISION,1.1429399013511972
18973604,test,VISION,1.0417032683776022
19015371,test,VISION,1.260805645567139
19162048,test,VISION,1.085972725690612
19211872,test,VISION,1.1942226112743852
19304914,test,VISION,1.080494455235586
19309296,test,VISION,1.1163678521280211
19322649,test,VISION,1.1088933007292547
19428408,test,VISION,1.1656998859351748
19488674,test,VISION,1.104733015398786
19587274,test,VISION,1.0630212427666874
19619661,test,VISION,1.0750015602232996
19702467,test,VISION,1.1939233822882869
20393066,test,VISION,1.202388357969339
20451625,test,VISION,1.1646317413489997
20456928,test,VISION,1.1080715366568417
20532906,test,VISION,1.2573877351177742
20599816,test,VISION,1.0900308399583312
20655320,test,VISION,1.1286214693147132
20696256,test,VISION,1.0815198112664328
20849925,test,VISION,1.1656430468832557
21078973,test,VISION,1.080441354286776
21168427,test,VISION,1.149609151035439
21554967,test,VISION,1.1798197260656855
21813690,test,VISION,1.2128812521431385
22287214,test,VISION,1.2192113245653051
22490547,test,VISION,1.0230640927610597
22720054,test,VISION,1.0009434661826635
23066731,test,VISION,1.102142411045819
23201366,test,VISION,1.123134377866874
23231884,test,VISION,1.2110596342980213
23313779,test,VISION,1.2022718268980355
23563109,test,VISION,1.3086131478368597
23646167,test,VISION,1.1394472829247713
23785160,test,VISION,1.1611747374938748
23906596,test,VISION,1.1619344394622044
23994216,test,VISION,1.1160042142995479
24361478,test,VISION,1.064148306651512
24702449,test,VISION,1.1116712514631613
25541139,test,VISION,1.1145489911200364
25731996,test,VISION,1.0040715126009283
26162617,test,VISION,1.1522939493878852
26613972,test,VISION,1.2049888180989337
26791218,test,VISION,1.1114843666311587
27697662,test,VISION,1.2124913224631586
27942855,test,VISION,1.0539360286037653
28123948,test,VISION,1.0149162516792427
28129058,test,VISION,1.231208106486192
28432767,test,VISION,1.1702179549250828
28533517,test,VISION,1.0666154871032667
29086468,test,VISION,1.0288658076516448
29175612,test,VISION,1.0925686736350209
29365199,test,VISION,1.0041688459930411
29518563,test,VISION,1.09378856623747
29578027,test,VISION,0.9816831777790814
8855347,test,RETRIEVAL,1.0528054975216043
15993766,test,RETRIEVAL,1.120095035267057
16547922,test,RETRIEVAL,1.1017201105040633
17150375,test,RETRIEVAL,1.0995208706577553
17604879,test,RETRIEVAL,1.1910749577858326
17720148,test,RETRIEVAL,1.1607897920579238
18395761,test,RETRIEVAL,1.2340337925016176
19765560,test,RETRIEVAL,1.135466868420852
20720103,test,RETRIEVAL,1.0970103362186219
21556876,test,RETRIEVAL,1.1152233133552187
21908871,test,RETRIEVAL,1.2895696119409747
26159324,test,RETRIEVAL,1.1233924639298782
27942447,test,RETRIEVAL,1.0441498295952736
28549645,test,RETRIEVAL,1.1011877844929572
9051780,test,COGNITION,1.015344294306491
11438629,test,COGNITION,1.031198272750267
14993603,test,COGNITION,1.1004489964221762
15377736,test,COGNITION,0.9254569415069798
16150611,test,COGNITION,1.1147361412663637
16387476,test,COGNITION,1.1914629929930496
16650775,test,COGNITION,0.9930273026437658
16837832,test,COGNITION,0.9737881117062388
17029760,test,COGNITION,1.008148516417735
17292631,test,COGNITION,0.9522836347655246
17559542,test,COGNITION,1.0826579702549464
18174503,test,COGNITION,1.078230592283525
18255317,test,COGNITION,1.0743055834718027
18819107,test,COGNITION,1.1428234347765849
18822408,test,COGNITION,1.122544704084421
19505585,test,COGNITION,1.1144966127529894
19682867,test,COGNITION,1.0153039406034592
19777552,test,COGNITION,1.121756740667663
20598752,test,COGNITION,1.0378188541769808
20628343,test,COGNITION,1.0747442287770017
20731627,test,COGNITION,1.1148197834501583
20807576,test,COGNITION,1.0733940032833467
21145211,test,COGNITION,1.1490900910522188
21185518,test,COGNITION,1.0649342569336784
21254801,test,COGNITION,0.9988615363683402
21938756,test,COGNITION,1.1063338227414914
22928000,test,COGNITION,1.051091362882249
23090212,test,COGNITION,1.006310975909065
23155380,test,COGNITION,1.0681107606687739
23355606,test,COGNITION,0.9963283023926686
23365241,test,COGNITION,1.0286279556066344
23812762,test,COGNITION,1.0011463061214023
23887812,test,COGNITION,1.0405621778760286
23985135,test,COGNITION,1.0310626059990609
24036319,test,COGNITION,1.0764059186560795
24384153,test,COGNITION,1.0294388189806714
24416003,test,COGNITION,0.9876459645004912
24753211,test,COGNITION,1.043015017559729
24768931,test,COGNITION,0.9702871595345147
24788317,test,COGNITION,0.9757601722251241
25670645,test,COGNITION,1.051052306570052
25698637,test,COGNITION,1.1443406605826487
25933410,test,COGNITION,1.0718755572667455
25969399,test,COGNITION,0.9958453928368263
25979667,test,COGNITION,1.0518876202460639
26057359,test,COGNITION,1.1227949508225537
26082893,test,COGNITION,1.078654725880507
26162554,test,COGNITION,1.091872431527142
26333130,test,COGNITION,1.047101985927537
26417846,test,COGNITION,1.0296114008979043
26656573,test,COGNITION,0.9987740463039599
26741696,test,COGNITION,0.8751799437724637
26826511,test,COGNITION,1.0586705425044292
27189159,test,COGNITION,1.0429792064613934
27242492,test,COGNITION,1.0432487789689118
27374278,test,COGNITION,1.1710655611827108
27551668,test,COGNITION,1.0200450166106647
27769891,test,COGNITION,1.1374583794113509
27832450,test,COGNITION,1.1579994243522926
28594841,test,COGNITION,1.138104997108357
29164505,test,COGNITION,1.1156032512479035
29313253,test,COGNITION,1.1035872418188584
29590181,test,COGNITION,1.05872189019769
29656266,test,COGNITION,1.0706088264718328
29725294,test,COGNITION,1.06774463868013
8405250,test,EXECUTION,1.1247550624565956
8730806,test,EXECUTION,1.1049723762941916
8836245,test,EXECUTION,1.1415199850782656
9217681,test,EXECUTION,1.2106479317767884
9343594,test,EXECUTION,1.1027399212503888
9397017,test,EXECUTION,1.1320447320493476
9401596,test,EXECUTION,1.109021337362861
9463462,test,EXECUTION,1.172714344276177
9749761,test,EXECUTION,1.1175402908718828
9950067,test,EXECUTION,1.0820734996181836
10216270,test,EXECUTION,1.1689060463854464
10372081,test,EXECUTION,1.1057357494253015
10401985,test,EXECUTION,1.0811463507766677
10554992,test,EXECUTION,1.0469593813110094
10679185,test,EXECUTION,1.1625400410909794
10689056,test,EXECUTION,1.097841101593963
10876085,test,EXECUTION,1.1039346952018934
11018487,test,EXECUTION,1.1346724889507014
11053229,test,EXECUTION,1.049441157501959
11160525,test,EXECUTION,1.1349047673512986
11162266,test,EXECUTION,1.105687830852292
11230093,test,EXECUTION,1.0824385231741658
11335694,test,EXECUTION,1.1632905625425818
11726800,test,EXECUTION,1.131723752419442
11798266,test,EXECUTION,1.0957403505196783
12060018,test,EXECUTION,1.07464027589523
12062028,test,EXECUTION,1.100826935279603
12090812,test,EXECUTION,1.0140567158071325
12356445,test,EXECUTION,1.0925580073274062
12364527,test,EXECUTION,1.1314820657057558
12377159,test,EXECUTION,1.0842440456963751
12498746,test,EXECUTION,1.1360887979580963
12589893,test,EXECUTION,1.0403724535406476
12706214,test,EXECUTION,1.1803424705075136
12749964,test,EXECUTION,1.1076140125164615
12821095,test,EXECUTION,1.102205312898579
12875920,test,EXECUTION,1.1272544567453042
12946085,test,EXECUTION,1.0838712427405963
14534916,test,EXECUTION,1.1137315810863553
14568462,test,EXECUTION,1.1507674741579565
14745466,test,EXECUTION,1.154494354528819
14980558,test,EXECUTION,1.1571017309001987
15050570,test,EXECUTION,1.0221987833829769
15062860,test,EXECUTION,1.123905643167981
15078569,test,EXECUTION,1.162861085696814
15094461,test,EXECUTION,1.063107255863333
15145996,test,EXECUTION,1.199552912174689
15190112,test,EXECUTION,1.1723128679471857
15268927,test,EXECUTION,1.1234437320441897
15275933,test,EXECUTION,1.1637510272675122
15449356,test,EXECUTION,1.10757406799615
15499576,test,EXECUTION,1.0858125764441837
15561504,test,EXECUTION,1.0990734801690711
15741465,test,EXECUTION,1.0550058555286468
15766766,test,EXECUTION,1.0390342516178532
15808994,test,EXECUTION,1.080805188300444
15852385,test,EXECUTION,1.1969047936570816
15930384,test,EXECUTION,1.086756286476189
15978022,test,EXECUTION,1.079890775285984
16023375,test,EXECUTION,1.0937766710120638
16033888,test,EXECUTION,1.1034179418789956
16046146,test,EXECUTION,1.0703568206587057
16112877,test,EXECUTION,1.1332923910627208
16139806,test,EXECUTION,1.1433720579693214
16150800,test,EXECUTION,1.1084468480367766
16203952,test,EXECUTION,1.0977206074003591
16272166,test,EXECUTION,1.1193667487896644
16327784,test,EXECUTION,1.0322049482739257
16380271,test,EXECUTION,1.154664749738946
16421171,test,EXECUTION,1.1866452247307289
16626974,test,EXECUTION,1.009336821739
16730195,test,EXECUTION,1.075203469599868
16730460,test,EXECUTION,1.1213621942827554
16794848,test,EXECUTION,1.1409891959077731
16828063,test,EXECUTION,1.0775303840838162
16914607,test,EXECUTION,1.2021314167826211
17049276,test,EXECUTION,1.061233755631979
17051376,test,EXECUTION,1.0903948034023976
17060367,test,EXECUTION,1.1243646048687008
17081770,test,EXECUTION,1.1143515906878465
17110130,test,EXECUTION,1.1484207635350239
17182259,test,EXECUTION,1.1491146369097525
17239623,test,EXECUTION,1.0335992336793192
17331218,test,EXECUTION,1.1485632043702148
17432971,test,EXECUTION,1.082158263477712
17432972,test,EXECUTION,1.1782629432293752
17488207,test,EXECUTION,1.0540126351579842
17499164,test,EXECUTION,1.1233448159649746
17499168,test,EXECUTION,1.1239025776118716
17525980,test,EXECUTION,1.161662866639506
17553017,test,EXECUTION,1.1953345013843524
17588725,test,EXECUTION,1.1286186592455918
17627851,test,EXECUTION,1.029849518601463
17888409,test,EXECUTION,1.0948001683993192
17909772,test,EXECUTION,1.1117347653902054
17919932,test,EXECUTION,1.1412756296558288
17971871,test,EXECUTION,1.1568630865825638
18029199,test,EXECUTION,1.0808629109734798
18083602,test,EXECUTION,1.0593453565444508
18261744,test,EXECUTION,1.1028811063566228
18310580,test,EXECUTION,1.057484451752933
18329904,test,EXECUTION,1.1721156984326853
18330871,test,EXECUTION,1.0544511561557675
18336838,test,EXECUTION,1.0471908757357526
18353127,test,EXECUTION,1.1284042691825968
18511304,test,EXECUTION,1.181045821399569
18515150,test,EXECUTION,1.117865744648017
18534868,test,EXECUTION,1.0924140338232797
18537112,test,EXECUTION,1.2160679553175857
18571794,test,EXECUTION,1.0466528200462057
18585060,test,EXECUTION,1.0869408248154018
18617569,test,EXECUTION,1.132834881717941
18632288,test,EXECUTION,1.068678853696577
18805460,test,EXECUTION,1.0543476316461113
18848743,test,EXECUTION,1.0669474506348535
18938220,test,EXECUTION,1.0905657487352223
19011844,test,EXECUTION,1.0568460897488832
19027763,test,EXECUTION,1.1035888961729763
19221144,test,EXECUTION,1.0853242257551496
19280106,test,EXECUTION,1.0719788129005323
19400682,test,EXECUTION,1.1259398467066144
19422920,test,EXECUTION,1.0757549352981304
19455411,test,EXECUTION,1.1317346621013866
19507160,test,EXECUTION,1.0578801864009344
19523524,test,EXECUTION,1.131838994621812
19551135,test,EXECUTION,1.0753309608546544
19585590,test,EXECUTION,1.066024246879426
19616296,test,EXECUTION,1.0643777150136282
19717167,test,EXECUTION,1.1051731831088571
19745020,test,EXECUTION,1.1543494109734052
19778958,test,EXECUTION,1.0909647771503317
19782094,test,EXECUTION,1.0375414306231383
19854028,test,EXECUTION,1.0469461239343394
19874903,test,EXECUTION,1.08755331936798
19961833,test,EXECUTION,1.146285631065905
19962240,test,EXECUTION,1.0954878558625585
20087840,test,EXECUTION,1.1266480689747564
20138255,test,EXECUTION,1.116591117318398
20146609,test,EXECUTION,1.136499191032359
20162598,test,EXECUTION,1.090706252452522
20225220,test,EXECUTION,1.1419769266684592
20226773,test,EXECUTION,1.0649935852588066
20298791,test,EXECUTION,1.083124329743972
20357071,test,EXECUTION,1.062667080945182
20436911,test,EXECUTION,1.043606888346319
20522540,test,EXECUTION,1.038334931461189
20530219,test,EXECUTION,1.0871243179194245
20561955,test,EXECUTION,1.1360717440936978
20669168,test,EXECUTION,1.0773929172801042
20669264,test,EXECUTION,1.0956937871038395
20826657,test,EXECUTION,1.1745788323109922
20836159,test,EXECUTION,1.2131691608997943
21078349,test,EXECUTION,1.0759036817943113
21151992,test,EXECUTION,1.1402981298357
21179436,test,EXECUTION,1.0893559074470407
21195388,test,EXECUTION,1.057674014626408
21255655,test,EXECUTION,1.0247305451783353
21316475,test,EXECUTION,1.0785268279600668
21364772,test,EXECUTION,1.0967437474673265
21376126,test,EXECUTION,1.0784967541187924
21389234,test,EXECUTION,1.0506642329647797
21391280,test,EXECUTION,1.059596428311862
21414916,test,EXECUTION,1.1206641739187635
21425400,test,EXECUTION,1.1412836119353045
21519392,test,EXECUTION,1.087175250105378
21586596,test,EXECUTION,1.136169766519569
21689765,test,EXECUTION,1.2115063021375112
21790899,test,EXECUTION,1.0442922274804898
21802436,test,EXECUTION,1.0823759622645879
21959173,test,EXECUTION,1.0925022751477071
21960496,test,EXECUTION,1.1233642316889159
22076444,test,EXECUTION,1.1914559749686393
22108343,test,EXECUTION,1.0791814637260992
22157280,test,EXECUTION,1.024899903621704
22159107,test,EXECUTION,1.0860534010122092
22235032,test,EXECUTION,1.0597757123114262
22305924,test,EXECUTION,1.1379831544817074
22427332,test,EXECUTION,1.1243049505712142
22574285,test,EXECUTION,1.0887142358726787
22577221,test,EXECUTION,1.0523327951421253
22659479,test,EXECUTION,1.1504143854296713
22768126,test,EXECUTION,1.1192540748954427
22848692,test,EXECUTION,1.132193775181049
22849401,test,EXECUTION,1.1274298203810769
22885679,test,EXECUTION,1.0798048792592876
22902768,test,EXECUTION,1.0084367940472214
22912611,test,EXECUTION,1.1462796325442124
22912698,test,EXECUTION,1.1554738546210883
22941501,test,EXECUTION,1.035065016808183
22974271,test,EXECUTION,1.0575068485466168
22993265,test,EXECUTION,1.073289523488654
23131805,test,EXECUTION,1.177041131611173
23177922,test,EXECUTION,1.041602241985313
23217577,test,EXECUTION,1.0237938705912142
23249347,test,EXECUTION,1.087359823812465
23391130,test,EXECUTION,1.025673359390168
23391838,test,EXECUTION,1.0938124898424386
23410032,test,EXECUTION,1.0520520122943082
23527247,test,EXECUTION,1.0840971832801962
23574539,test,EXECUTION,1.103083479735542
23633412,test,EXECUTION,1.0818431415120064
23660028,test,EXECUTION,1.008064308350085
23706416,test,EXECUTION,1.0649920954337482
23733029,test,EXECUTION,1.0565850462494593
23769917,test,EXECUTION,1.09719309073705
23810119,test,EXECUTION,1.0671550239674368
23960206,test,EXECUTION,1.053980866694927
24125791,test,EXECUTION,1.0951217764631542
24205198,test,EXECUTION,1.1564806429231842
24464423,test,EXECUTION,1.1587429171217107
24480476,test,EXECUTION,1.0710385471321426
24695723,test,EXECUTION,1.1740218757880307
24728838,test,EXECUTION,1.0829185666631573
24904065,test,EXECUTION,1.0351898417494316
24906703,test,EXECUTION,1.0950216672481166
24909300,test,EXECUTION,1.0572129296401833
24927275,test,EXECUTION,1.1310696947552812
24962992,test,EXECUTION,1.1432316920168342
25016248,test,EXECUTION,1.116419813812548
25086203,test,EXECUTION,1.0726130593342296
25150928,test,EXECUTION,1.1287404118560855
25162661,test,EXECUTION,1.0615308138143054
25170555,test,EXECUTION,1.0974424893110035
25228872,test,EXECUTION,1.1015806190527675
25344114,test,EXECUTION,1.0920041632579094
25390206,test,EXECUTION,1.1018712267091988
25438976,test,EXECUTION,1.1346158687499541
25445623,test,EXECUTION,1.0564420520446756
25449847,test,EXECUTION,1.0684176386967459
25642386,test,EXECUTION,1.200278469422
25762911,test,EXECUTION,1.0515556916423547
25788668,test,EXECUTION,1.0903812703209308
25818331,test,EXECUTION,1.0607517701960343
26018874,test,EXECUTION,1.1126200938616602
26049007,test,EXECUTION,1.0762131697405588
26067832,test,EXECUTION,1.1014512918817432
26085638,test,EXECUTION,1.201741841921086
26204262,test,EXECUTION,1.0283938581192702
26206300,test,EXECUTION,1.1183793801677222
26248537,test,EXECUTION,1.167284109777222
26287488,test,EXECUTION,1.1193324371326137
26341950,test,EXECUTION,1.065289191610232
26440813,test,EXECUTION,1.121480959765038
26467643,test,EXECUTION,1.1722928745966832
26503297,test,EXECUTION,1.0402620398779956
26610427,test,EXECUTION,1.0448194674028926
26673114,test,EXECUTION,1.071083903616363
26743627,test,EXECUTION,1.1373883897043096
26773910,test,EXECUTION,1.0935181886384313
26900571,test,EXECUTION,1.0807815065349118
26954693,test,EXECUTION,1.064981384635563
27091382,test,EXECUTION,1.0508246956331224
27114174,test,EXECUTION,1.1755935365971188
27243614,test,EXECUTION,1.055530401288648
27283002,test,EXECUTION,1.0769599097733036
27329770,test,EXECUTION,1.1690654530246538
27375419,test,EXECUTION,1.0971830313540643
27381089,test,EXECUTION,1.1416536651192501
27417053,test,EXECUTION,1.180631725274602
27452859,test,EXECUTION,1.0956080873005856
27718507,test,EXECUTION,1.0933941175071686
27846290,test,EXECUTION,1.1356723474884478
27852776,test,EXECUTION,1.1068268547883522
27881783,test,EXECUTION,1.057100087843763
27917562,test,EXECUTION,1.0613563551188374
27977717,test,EXECUTION,1.0089223347342111
28100219,test,EXECUTION,1.0555881836040564
28180068,test,EXECUTION,1.0670433782020174
28370703,test,EXECUTION,1.021776343209047
28504361,test,EXECUTION,1.0647278215265477
28560777,test,EXECUTION,1.0814889185039436
28680397,test,EXECUTION,1.0813388781101825
28687518,test,EXECUTION,1.0551678334381829
28821649,test,EXECUTION,1.1786864778159867
28856425,test,EXECUTION,1.1089774681471811
28893930,test,EXECUTION,1.0650509023190609
28917165,test,EXECUTION,1.0519848127421398
29021739,test,EXECUTION,1.0941492780800497
29258852,test,EXECUTION,1.1566453135464843
29294431,test,EXECUTION,1.057455923491063
29358913,test,EXECUTION,1.0718007107277723
29408525,test,EXECUTION,1.0954288315240923
29486001,test,EXECUTION,1.04910275351282
29567424,test,EXECUTION,1.0772643482725603
29593518,test,EXECUTION,1.091352303951507
29868451,test,EXECUTION,1.0507277351907105
30040855,test,EXECUTION,1.0478984599358572
11926931,test,REWARD,1.129034776409194
14568478,test,REWARD,1.0461772432615384
15572117,test,REWARD,1.0395271505755495
17224134,test,REWARD,1.1916865446964753
17996464,test,REWARD,1.134176193350942
18033767,test,REWARD,1.0657362878234393
18097655,test,REWARD,1.0304625598253672
18309087,test,REWARD,1.163496663637947
18987188,test,REWARD,1.1078910006458802
19344776,test,REWARD,1.0586761387847787
19744536,test,REWARD,1.145741643832471
21195418,test,REWARD,1.0527463761933493
21208991,test,REWARD,1.0626386429040116
21325514,test,REWARD,1.0043901414862126
22079656,test,REWARD,1.1614903604994908
23512930,test,REWARD,1.0027826808315656
23893850,test,REWARD,1.162944342692878
23922638,test,REWARD,1.01101004404426
24370610,test,REWARD,1.0429623364450327
24586543,test,REWARD,1.2424202067716845
24595036,test,REWARD,1.0657010333334698
24760844,test,REWARD,1.2138974808639216
24893740,test,REWARD,0.9811075020280929
25027223,test,REWARD,1.1009644776548961
25365800,test,REWARD,1.264225797518496
25447301,test,REWARD,1.1149662624294558
25545969,test,REWARD,1.0555433035005686
25740507,test,REWARD,1.1219893878091134
27170428,test,REWARD,1.1155935438546807
28712121,test,REWARD,1.070272135463615
28736307,test,REWARD,1.0893964356134302
15217896,test,LANGUAGE,1.1674784191622816
16530428,test,LANGUAGE,1.1412608170866776
16781167,test,LANGUAGE,1.1263437288460032
17890108,test,LANGUAGE,1.1625737010220467
19413945,test,LANGUAGE,1.1748763340514699
19505993,test,LANGUAGE,1.068376864102332
19948232,test,LANGUAGE,1.185522737317599
21600290,test,LANGUAGE,1.1194549664255358
23019005,test,LANGUAGE,1.0930662837591423
23681887,test,LANGUAGE,1.2692965503734372
24396008,test,LANGUAGE,1.1187435151133225
25261349,test,LANGUAGE,1.0664979560505499
25438031,test,LANGUAGE,1.1106837648622858
28753443,test,LANGUAGE,1.1371611132067314
29535619,test,LANGUAGE,1.1672600543421676
29885085,test,LANGUAGE,1.1595520308577296
10619416,test,MEMORY,1.1657355229703188
16082657,test,MEMORY,1.1730280007373217
20079444,test,MEMORY,1.1504649603759713
20594938,test,MEMORY,1.2224460230418412
25323387,test,MEMORY,1.1571288260017325
25700951,test,MEMORY,1.2100112492645065
26156558,test,MEMORY,1.2798838456492332
26869907,test,MEMORY,1.2053221075374205
27714554,test,MEMORY,1.2499383034622564
23670951,test,EPISODIC_MEMORY,
18634888,test,DECISION_MAKING,1.4799773544171864
19929329,test,DECISION_MAKING,1.3651028273017012
24302894,test,DECISION_MAKING,1.3005698301522954
24777394,test,DECISION_MAKING,1.4045465895849276
25280778,test,DECISION_MAKING,1.5028835818497694
26918589,test,DECISION_MAKING,1.4193523252764486
28575424,test,DECISION_MAKING,1.3095412426471968
9927549,test,WORD,1.2472763966196452
10096413,test,WORD,1.3936915090096424
10417250,test,WORD,1.3682710177205109
10686183,test,WORD,1.2784614514181236
11798383,test,WORD,1.3765308082476817
12590844,test,WORD,1.3106415564510099
12667849,test,WORD,1.275622177253592
12805112,test,WORD,1.3311276628065158
12948717,test,WORD,1.2111114704872763
12953304,test,WORD,1.2401590482405518
14615297,test,WORD,1.2319788411319639
15091345,test,WORD,1.2109211253972838
15166097,test,WORD,1.2706703361574951
15219589,test,WORD,1.123436050987123
15721961,test,WORD,1.2923327727523872
16126414,test,WORD,1.2789314520801411
17011212,test,WORD,1.2822092666795897
17123710,test,WORD,1.0258025079205317
18380676,test,WORD,1.2653433813788904
18639469,test,WORD,1.3844690139402833
18725239,test,WORD,1.250977441699213
18823245,test,WORD,1.221266562490399
19647038,test,WORD,1.2022427131011577
19687294,test,WORD,1.1986068519393236
20004724,test,WORD,1.268386171621303
20854914,test,WORD,1.3121543071479294
20884357,test,WORD,1.3004928019649955
20934519,test,WORD,1.2274829398415452
20949093,test,WORD,1.206724202078607
21600291,test,WORD,1.056251788700208
21994390,test,WORD,1.4013811370306233
22248577,test,WORD,1.2286853533021465
22281240,test,WORD,1.290480880496157
22337757,test,WORD,1.3117367564068558
22384006,test,WORD,1.0906712091565358
22573195,test,WORD,1.1535152156292732
22574280,test,WORD,1.227054998776687
22917951,test,WORD,1.1033846851616933
23084460,test,WORD,1.320207670272518
23249348,test,WORD,1.1999198638234752
23359269,test,WORD,1.268161258970096
23654223,test,WORD,1.2361520358530553
23684864,test,WORD,1.0912912171383156
23728081,test,WORD,1.3805750438129791
23880958,test,WORD,1.134646437679029
24456399,test,WORD,1.2486585935710124
24904992,test,WORD,1.212192943801735
25077489,test,WORD,1.2961478774990876
25268230,test,WORD,1.308212590506221
25797097,test,WORD,1.2988255144496679
26074801,test,WORD,1.265544967840878
26335996,test,WORD,1.3470286665124145
26818506,test,WORD,1.2029783924175386
27583349,test,WORD,1.3296032004217464
28870853,test,WORD,1.3506272393431316
28970145,test,WORD,1.197311751857574
29020645,test,WORD,1.4045000970162953
29605594,test,WORD,1.3944010166442857
29655937,test,WORD,1.2103042845520338
15019713,test,REST,1.6384660993061282
22121040,test,REST,1.5839100324723858
23285086,test,REST,1.4806534793327382
27322194,test,REST,1.3300863592378334
10896168,test,ENCODING,1.1197833474592822
12657700,test,ENCODING,1.1913235598388758
17350289,test,ENCODING,1.29587358791645
19199424,test,ENCODING,1.3202471764560786
19925208,test,ENCODING,1.204507143084087
22765637,test,ENCODING,1.3180518293121801
22800807,test,ENCODING,1.3929110321254987
23313012,test,ENCODING,1.2507509692304046
23553546,test,ENCODING,1.1489319396395836
23806136,test,ENCODING,1.2295766289564922
24550152,test,ENCODING,1.2583780885391
25630307,test,ENCODING,1.3278029147154387
26478961,test,ENCODING,1.2127952019847053
27206426,test,ENCODING,1.2545777606461184
27738997,test,ENCODING,1.1970223362808807
10884059,test,MOVEMENT,1.1349133860966003
15722208,test,MOVEMENT,1.0788974297474996
16463149,test,MOVEMENT,1.2858629120488163
18311829,test,MOVEMENT,1.3347906313811684
18632890,test,MOVEMENT,1.2711047717101058
18672026,test,MOVEMENT,1.1437174433028594
19699190,test,MOVEMENT,1.153449373026992
21368084,test,MOVEMENT,1.1485056885689857
21782030,test,MOVEMENT,1.0680891011719937
22492047,test,MOVEMENT,1.2685220004892774
22590522,test,MOVEMENT,1.1682764331721973
22611041,test,MOVEMENT,1.112193994817961
22868063,test,MOVEMENT,1.1535779810934366
22910984,test,MOVEMENT,1.2070869484141777
23348760,test,MOVEMENT,0.99191910983826
23769608,test,MOVEMENT,1.3099913455597108
25609637,test,MOVEMENT,1.3603716598357136
28249785,test,MOVEMENT,1.2220883610008801
17274020,test,AROUSAL,1.1497043370950213
17375140,test,AROUSAL,1.1195218153026998
18540915,test,AROUSAL,1.1249688943167386
19760243,test,AROUSAL,1.1455082282048326
19932468,test,AROUSAL,1.1014886334559202
20079980,test,AROUSAL,1.0947099886186467
21695536,test,AROUSAL,1.0608111054094682
21703783,test,AROUSAL,1.1165855678283372
21826761,test,AROUSAL,1.1935081632983093
22097928,test,AROUSAL,1.0100960596039275
22319607,test,AROUSAL,1.1900401272976604
22524295,test,AROUSAL,1.064332565290557
23201365,test,AROUSAL,0.9536539890587352
23223206,test,AROUSAL,0.9484519887108604
23683790,test,AROUSAL,1.0547611161735306
23791396,test,AROUSAL,1.0083790927294471
23920122,test,AROUSAL,1.1308034204797657
23978392,test,AROUSAL,1.07772946103367
23978653,test,AROUSAL,1.0730757181477295
23981052,test,AROUSAL,1.1914197529102608
24074717,test,AROUSAL,1.075646046247926
24862938,test,AROUSAL,1.1495803865157368
25552570,test,AROUSAL,0.9614085588169858
25704752,test,AROUSAL,1.121889705931764
26185010,test,AROUSAL,1.1302259912899306
26215473,test,AROUSAL,1.110374534380745
26254587,test,AROUSAL,1.0316728994624618
26879624,test,AROUSAL,1.203825826384517
26971049,test,AROUSAL,1.1968799400331307
27742666,test,AROUSAL,1.0362318297062836
27975159,test,AROUSAL,1.1680221073490438
28226305,test,AROUSAL,1.2356637700850375
28641131,test,AROUSAL,1.1685087333211042
29297960,test,AROUSAL,1.169545492601412
29464814,test,AROUSAL,1.2085788300193145
18987206,test,LOSS,2.2412091224662585
19320552,test,LOSS,2.3587705014798455
7488733,test,MANIPULATION,1.0999550405289567
8642414,test,MANIPULATION,1.1910652757126554
9238064,test,MANIPULATION,1.204862009493638
9345478,test,MANIPULATION,1.2663710137260695
9345483,test,MANIPULATION,1.1636585849235397
9882087,test,MANIPULATION,1.2502784936979991
10195113,test,MANIPULATION,1.157444248619431
10227106,test,MANIPULATION,1.2477225648494465
10388802,test,MANIPULATION,1.1705954094144262
10527065,test,MANIPULATION,1.2121063912103407
10619415,test,MANIPULATION,1.1893425698863545
10739412,test,MANIPULATION,1.1601994053533795
10906317,test,MANIPULATION,1.1256799902042591
11002353,test,MANIPULATION,1.2272159882803038
11095716,test,MANIPULATION,1.1006865837963824
11162272,test,MANIPULATION,1.2925330674539313
11168567,test,MANIPULATION,1.2239457990635128
11182099,test,MANIPULATION,1.141414003963753
11240106,test,MANIPULATION,1.2524023369642627
11257978,test,MANIPULATION,1.228594585964292
11506539,test,MANIPULATION,1.20961107290265
11506651,test,MANIPULATION,1.2166644011300325
11549616,test,MANIPULATION,1.2340851638325434
11549618,test,MANIPULATION,1.1251548304065986
11559855,test,MANIPULATION,1.2064169462800016
11576194,test,MANIPULATION,1.208680116053022
11580903,test,MANIPULATION,1.2713733875030604
11587890,test,MANIPULATION,1.2575566667957652
11691685,test,MANIPULATION,1.1863109158100877
11739265,test,MANIPULATION,1.129196966286984
11771973,test,MANIPULATION,1.132411224762865
12112763,test,MANIPULATION,1.2903380289238011
12417766,test,MANIPULATION,1.2049409897788395
12421659,test,MANIPULATION,1.2635724120304004
12429401,test,MANIPULATION,1.1898278272992124
12433382,test,MANIPULATION,1.2550179961681742
12477708,test,MANIPULATION,1.2422914946491204
12546829,test,MANIPULATION,1.1882682724144373
12566282,test,MANIPULATION,1.162642612178095
12599276,test,MANIPULATION,1.2477840006037324
12653987,test,MANIPULATION,1.21620647301417
12672965,test,MANIPULATION,1.1426906526455838
12713654,test,MANIPULATION,1.236315680305811
12812832,test,MANIPULATION,1.1209779030353832
12823480,test,MANIPULATION,1.0951213651452216
12855357,test,MANIPULATION,1.1774436838920221
12880785,test,MANIPULATION,1.2498787838332936
12880846,test,MANIPULATION,1.1407292675267786
12948712,test,MANIPULATION,1.2154050632049411
12967919,test,MANIPULATION,1.2172474437331222
14527577,test,MANIPULATION,1.1940699551573501
14568477,test,MANIPULATION,1.1203558928270771
14597035,test,MANIPULATION,1.197516301719389
14642464,test,MANIPULATION,1.2872508023976996
14683715,test,MANIPULATION,1.1258905624009818
14691061,test,MANIPULATION,1.1034493486082615
14699419,test,MANIPULATION,1.1745344329359106
14730305,test,MANIPULATION,1.2267668279265802
14741648,test,MANIPULATION,1.1569131441014007
14973239,test,MANIPULATION,1.1991209385838033
15001776,test,MANIPULATION,1.1936387221932856
15069021,test,MANIPULATION,1.0869971451491365
15072672,test,MANIPULATION,1.2671170628666917
15193581,test,MANIPULATION,1.2420231387878105
15193603,test,MANIPULATION,1.2268189659704372
15225144,test,MANIPULATION,1.1816095543110752
15275907,test,MANIPULATION,1.2804862898252403
15275913,test,MANIPULATION,1.2539222630950448
15325411,test,MANIPULATION,1.1820169052373293
15342438,test,MANIPULATION,1.2367923880492846
15381021,test,MANIPULATION,1.2472123227982785
15488409,test,MANIPULATION,1.192253874614091
15489267,test,MANIPULATION,1.1122315884434602
15511653,test,MANIPULATION,1.2921147456266422
15528095,test,MANIPULATION,1.1725246061401535
15541071,test,MANIPULATION,1.2881802579888346
15543553,test,MANIPULATION,1.2535456251946584
15590917,test,MANIPULATION,1.2041896844748121
15593271,test,MANIPULATION,1.2666550554626528
15616133,test,MANIPULATION,1.2310897179685263
15681032,test,MANIPULATION,1.271867677467679
15701224,test,MANIPULATION,1.225627572196168
15721187,test,MANIPULATION,1.269834226293527
15728740,test,MANIPULATION,1.2787642665629186
15734350,test,MANIPULATION,1.2324822862470957
15784430,test,MANIPULATION,1.2393101002353701
15784438,test,MANIPULATION,1.2588370921104244
15808995,test,MANIPULATION,1.028175977252978
15850739,test,MANIPULATION,1.2213506687279168
15850740,test,MANIPULATION,1.1962685337677348
15852384,test,MANIPULATION,1.184757412410002
15862203,test,MANIPULATION,1.2946946555963783
15917482,test,MANIPULATION,1.2738366476159109
15922156,test,MANIPULATION,1.2352739243375328
15932793,test,MANIPULATION,1.1857740118064497
16027008,test,MANIPULATION,1.1710598769351857
16045067,test,MANIPULATION,1.2182580374272691
16095920,test,MANIPULATION,1.2208309438335947
16123763,test,MANIPULATION,1.070800497843022
16125977,test,MANIPULATION,1.2294760396563946
16199012,test,MANIPULATION,1.1885621479548352
16199830,test,MANIPULATION,1.2897415602051394
16239068,test,MANIPULATION,1.1375371065520217
16253524,test,MANIPULATION,1.222458172747655
16300969,test,MANIPULATION,1.2643829779434914
16307253,test,MANIPULATION,1.2757390139430036
16364137,test,MANIPULATION,1.089800513829885
16400158,test,MANIPULATION,1.230659735624316
16445991,test,MANIPULATION,1.186470446735783
16452666,test,MANIPULATION,1.1821472779078182
16492377,test,MANIPULATION,1.163715490323709
16537568,test,MANIPULATION,1.1608543952957033
16540348,test,MANIPULATION,1.1931882059145993
16568426,test,MANIPULATION,1.11622325600278
16584892,test,MANIPULATION,1.2862794137301543
16585053,test,MANIPULATION,1.2806275543914507
16731517,test,MANIPULATION,1.2668096126949324
16806977,test,MANIPULATION,1.1556883160368636
16860474,test,MANIPULATION,1.111259534842547
16912129,test,MANIPULATION,1.1407713757295999
16938439,test,MANIPULATION,1.2226635908646948
16944492,test,MANIPULATION,1.143663078662914
16979559,test,MANIPULATION,1.1602087564605106
17012294,test,MANIPULATION,1.2244596547915076
17071109,test,MANIPULATION,1.2102431377262008
17077159,test,MANIPULATION,1.2750381454485036
17133385,test,MANIPULATION,1.167333305433465
17188464,test,MANIPULATION,1.2987455214611674
17196834,test,MANIPULATION,1.2727373273317473
17204433,test,MANIPULATION,1.2530558536914684
17214564,test,MANIPULATION,1.2872711373521126
17217932,test,MANIPULATION,1.2587365120570242
17218001,test,MANIPULATION,1.2769082838781447
17222480,test,MANIPULATION,1.137748846165903
17240164,test,MANIPULATION,1.2510519807704295
17274021,test,MANIPULATION,1.1070543493230114
17376703,test,MANIPULATION,1.2324269333718179
17392459,test,MANIPULATION,1.1303381877320853
17403529,test,MANIPULATION,1.2516055986313033
17412720,test,MANIPULATION,1.1001294738413325
17448689,test,MANIPULATION,1.2564729099810084
17462914,test,MANIPULATION,1.312269210021631
17499172,test,MANIPULATION,1.154578988339131
17551089,test,MANIPULATION,1.0992228928066048
17598166,test,MANIPULATION,1.2324069509347526
17676057,test,MANIPULATION,1.2572594465304572
17686467,test,MANIPULATION,1.2645885499088207
17716696,test,MANIPULATION,1.210457276548061
17768265,test,MANIPULATION,1.215789277982175
17885190,test,MANIPULATION,1.3174905033834827
17897405,test,MANIPULATION,1.3325731761522943
17900903,test,MANIPULATION,1.2832595158390798
17905481,test,MANIPULATION,1.2137946562061452
17916338,test,MANIPULATION,1.1707777410115363
17928444,test,MANIPULATION,1.140336050131663
17948883,test,MANIPULATION,1.239531664491315
17960142,test,MANIPULATION,1.1077764365484888
17990304,test,MANIPULATION,1.1859200537002856
17996813,test,MANIPULATION,1.2107748258127506
18063476,test,MANIPULATION,1.2052538643159068
18155926,test,MANIPULATION,1.172292947789454
18172852,test,MANIPULATION,1.1994835508062696
18201907,test,MANIPULATION,1.1177198370311596
18206391,test,MANIPULATION,1.2700203691703915
18219617,test,MANIPULATION,1.3307686318421443
18234684,test,MANIPULATION,1.2403460333884953
18235427,test,MANIPULATION,1.1497503521733496
18279364,test,MANIPULATION,1.2702774959625194
18308708,test,MANIPULATION,1.1820818242117435
18400791,test,MANIPULATION,1.2490283823387929
18406434,test,MANIPULATION,1.2093588038201262
18434197,test,MANIPULATION,1.0476036537672937
18434203,test,MANIPULATION,1.2196332064245041
18435752,test,MANIPULATION,1.0179776629330328
18465800,test,MANIPULATION,1.1415028114943593
18468869,test,MANIPULATION,1.2440569753695794
18474845,test,MANIPULATION,1.1527898943852999
18485420,test,MANIPULATION,1.334976107093172
18490028,test,MANIPULATION,1.3037648752600814
18515149,test,MANIPULATION,0.9955348592852251
18550593,test,MANIPULATION,1.1828847903741275
18567621,test,MANIPULATION,1.2937221661901315
18578596,test,MANIPULATION,1.2721116345835082
18588987,test,MANIPULATION,1.2215234273202353
18662866,test,MANIPULATION,1.2519127462653004
18674589,test,MANIPULATION,1.173542106026377
18702587,test,MANIPULATION,1.11561436275989
18722517,test,MANIPULATION,1.3172107087877476
18797855,test,MANIPULATION,1.221819693805778
18840533,test,MANIPULATION,1.2493889417123718
18937281,test,MANIPULATION,1.2985374627192312
18979376,test,MANIPULATION,1.214677653996859
19015835,test,MANIPULATION,1.2439202225554749
19018314,test,MANIPULATION,1.2851862668188376
19095230,test,MANIPULATION,1.1885878588962622
19107754,test,MANIPULATION,1.2156148756898835
19196494,test,MANIPULATION,1.1729000187579843
19199412,test,MANIPULATION,1.2492973126569316
19240140,test,MANIPULATION,1.1500421012000916
19243925,test,MANIPULATION,1.2631581091638617
19288466,test,MANIPULATION,1.091091803390866
19301995,test,MANIPULATION,1.304757628491094
19324533,test,MANIPULATION,1.3213222053500173
19376244,test,MANIPULATION,1.1970134137216122
19395526,test,MANIPULATION,1.2278847963320316
19401185,test,MANIPULATION,1.2903950730932434
19410589,test,MANIPULATION,1.223570782267648
19429863,test,MANIPULATION,1.158239522418629
19457383,test,MANIPULATION,1.1582432201496433
19462002,test,MANIPULATION,1.1749995320517903
19530219,test,MANIPULATION,1.2213369426641223
19549622,test,MANIPULATION,1.1295335454265953
19554558,test,MANIPULATION,1.2660509298447167
19573610,test,MANIPULATION,1.299153275956056
19596405,test,MANIPULATION,1.1359965334330653
19603410,test,MANIPULATION,1.262965280979882
19619566,test,MANIPULATION,1.219037937104003
19632301,test,MANIPULATION,1.230717542233326
19643585,test,MANIPULATION,1.102039957322551
19647799,test,MANIPULATION,1.2545342756620155
19651401,test,MANIPULATION,1.268535205322814
19683584,test,MANIPULATION,1.2414370402870323
19706320,test,MANIPULATION,1.1395260698981216
19715764,test,MANIPULATION,1.0201538379171151
19744566,test,MANIPULATION,1.1926315915794432
19771159,test,MANIPULATION,1.1183476679020474
19775870,test,MANIPULATION,1.175801984075581
19782696,test,MANIPULATION,1.2526229086434906
19811772,test,MANIPULATION,1.2022673117753988
19837179,test,MANIPULATION,1.1164553441630631
19925175,test,MANIPULATION,1.2928879498694175
19925856,test,MANIPULATION,1.1390955956438396
19929756,test,MANIPULATION,1.0784018902488057
19945535,test,MANIPULATION,1.226602432183397
20006720,test,MANIPULATION,1.2770204062041142
20016088,test,MANIPULATION,1.3005722960724655
20025982,test,MANIPULATION,1.1888623120563921
20026227,test,MANIPULATION,1.1527677671615166
20035016,test,MANIPULATION,1.2638579870343953
20036266,test,MANIPULATION,1.2566771570884339
20056152,test,MANIPULATION,1.1884302215785745
20083395,test,MANIPULATION,1.247823807995184
20123028,test,MANIPULATION,1.3063299676846194
20146607,test,MANIPULATION,1.2315467305733439
20188184,test,MANIPULATION,1.3066018068435492
20188190,test,MANIPULATION,1.2959436345682263
20225278,test,MANIPULATION,1.2257293439924466
20385153,test,MANIPULATION,1.1762603774444822
20418447,test,MANIPULATION,1.1736372432740332
20419095,test,MANIPULATION,1.2707303276636055
20450898,test,MANIPULATION,1.32141889897779
20451629,test,MANIPULATION,1.1434669973561296
20501484,test,MANIPULATION,1.2201102067000624
20503114,test,MANIPULATION,1.2291064744319267
20537612,test,MANIPULATION,1.1806715226576499
20562319,test,MANIPULATION,1.1850342773647937
20570684,test,MANIPULATION,1.0979138403655664
20578174,test,MANIPULATION,1.2643769859286964
20609569,test,MANIPULATION,1.2165442968508484
20615473,test,MANIPULATION,1.2178294915512027
20620213,test,MANIPULATION,1.2720083648973812
20674749,test,MANIPULATION,1.147333450853182
20677377,test,MANIPULATION,1.263142294359607
20691427,test,MANIPULATION,1.1659207282837734
20702694,test,MANIPULATION,1.3419728911182502
20715080,test,MANIPULATION,1.1519683954916249
20728548,test,MANIPULATION,1.2335719003810501
20817106,test,MANIPULATION,1.174511077792541
20817203,test,MANIPULATION,1.1477266067678493
20851189,test,MANIPULATION,1.2322403016158532
20869400,test,MANIPULATION,1.1123054093202756
20932921,test,MANIPULATION,1.2074226075999515
20933062,test,MANIPULATION,1.1908638128924818
20954937,test,MANIPULATION,1.2706585390161056
21092865,test,MANIPULATION,1.2209820066660337
21093970,test,MANIPULATION,1.2329951163978987
21119848,test,MANIPULATION,1.270742144982382
21122818,test,MANIPULATION,1.2445427279056205
21140434,test,MANIPULATION,1.1793769368009208
21172322,test,MANIPULATION,1.1859810026668574
21173881,test,MANIPULATION,1.2808725307824789
21195187,test,MANIPULATION,1.2491346982370348
21238468,test,MANIPULATION,1.1817618493805941
21248113,test,MANIPULATION,1.204663494616311
21262244,test,MANIPULATION,1.2879126018700264
21272595,test,MANIPULATION,1.257473447670726
21315091,test,MANIPULATION,1.2474329596899092
21349341,test,MANIPULATION,1.2399965466048326
21391262,test,MANIPULATION,1.1885105566216707
21396456,test,MANIPULATION,1.2406451474566662
21415916,test,MANIPULATION,1.2050897933850915
21425391,test,MANIPULATION,1.2109241890998508
21452937,test,MANIPULATION,1.2620204583554278
21452942,test,MANIPULATION,1.1128652637420393
21458503,test,MANIPULATION,1.239380177657278
21471360,test,MANIPULATION,1.180337986783321
21497488,test,MANIPULATION,1.1254675574538135
21504992,test,MANIPULATION,1.1523654197443614
21514332,test,MANIPULATION,1.1846978437743676
21530557,test,MANIPULATION,1.117103837434082
21550407,test,MANIPULATION,1.2241382707920487
21567661,test,MANIPULATION,1.0989510537560325
21575660,test,MANIPULATION,1.25786052602354
21642352,test,MANIPULATION,1.1804049708220195
21664605,test,MANIPULATION,1.226152023061552
21666127,test,MANIPULATION,1.1848309533411128
21671733,test,MANIPULATION,1.226913568912023
21676001,test,MANIPULATION,1.2450710967298924
21676092,test,MANIPULATION,1.1156755104530591
21690258,test,MANIPULATION,1.2724323759080898
21722656,test,MANIPULATION,1.2486761243082884
21741450,test,MANIPULATION,1.3195461194917069
21757013,test,MANIPULATION,1.170984111530111
21763441,test,MANIPULATION,1.104201461461905
21768205,test,MANIPULATION,1.2497236705886288
21775617,test,MANIPULATION,1.1131304765515795
21782031,test,MANIPULATION,1.1984504004331327
21786091,test,MANIPULATION,1.150498586978545
21795556,test,MANIPULATION,1.2191451997839897
21849560,test,MANIPULATION,1.2810995184920195
21896334,test,MANIPULATION,1.0542907226678413
21908447,test,MANIPULATION,1.2311263179646323
21933718,test,MANIPULATION,1.2697816440538132
21962775,test,MANIPULATION,1.2377531842879288
21972426,test,MANIPULATION,1.252952753083167
21974788,test,MANIPULATION,1.1285287355427107
21993055,test,MANIPULATION,1.126093444365843
21997605,test,MANIPULATION,1.1913307948255414
22000080,test,MANIPULATION,1.239662279121279
22001262,test,MANIPULATION,1.1904409147828867
22005087,test,MANIPULATION,1.0128404287929766
22047730,test,MANIPULATION,1.177133173688852
22053153,test,MANIPULATION,1.291493089696395
22073183,test,MANIPULATION,1.1486232738230648
22093949,test,MANIPULATION,1.3106352111442288
22137181,test,MANIPULATION,1.0244772588413922
22159109,test,MANIPULATION,1.276170485536997
22178142,test,MANIPULATION,1.08119839723076
22238671,test,MANIPULATION,1.2097690874063751
22242146,test,MANIPULATION,1.3045346350149643
22245641,test,MANIPULATION,1.265999935546714
22264344,test,MANIPULATION,1.1560528761139055
22266411,test,MANIPULATION,1.2906337481834074
22267967,test,MANIPULATION,1.279661116658842
22275475,test,MANIPULATION,1.0911652293836855
22285718,test,MANIPULATION,1.3097530055734428
22342463,test,MANIPULATION,1.1732732894452615
22363276,test,MANIPULATION,1.2270109738251014
22369994,test,MANIPULATION,1.1285037351088443
22378588,test,MANIPULATION,1.2333730141481107
22403154,test,MANIPULATION,1.250256627379068
22406281,test,MANIPULATION,1.2354605429933174
22414993,test,MANIPULATION,1.2785497703457982
22444277,test,MANIPULATION,1.220053849442013
22445816,test,MANIPULATION,1.0324320926559822
22447729,test,MANIPULATION,1.2486133313094454
22459338,test,MANIPULATION,1.2825099427553015
22475505,test,MANIPULATION,1.292343334204408
22485152,test,MANIPULATION,1.1648301096293747
22499797,test,MANIPULATION,1.1986988773836673
22505340,test,MANIPULATION,1.1628491892229356
22505995,test,MANIPULATION,1.2214586065364097
22510531,test,MANIPULATION,1.212505232694975
22541026,test,MANIPULATION,1.2140841236599444
22608404,test,MANIPULATION,1.2058363406438926
22621263,test,MANIPULATION,1.2201488550767248
22634854,test,MANIPULATION,1.2050705183518176
22640391,test,MANIPULATION,1.188983720746635
22649231,test,MANIPULATION,1.268232520903972
22658706,test,MANIPULATION,1.3112074309326405
22659025,test,MANIPULATION,1.1441967266149067
22701630,test,MANIPULATION,1.146019187996296
22708629,test,MANIPULATION,1.1152751984226272
22745505,test,MANIPULATION,1.062961118528697
22745745,test,MANIPULATION,1.1608689692721819
22776450,test,MANIPULATION,1.0767217191468588
22840469,test,MANIPULATION,1.1024518583866305
22870240,test,MANIPULATION,1.1901472535843711
22875861,test,MANIPULATION,1.3274891472892036
22876226,test,MANIPULATION,1.1240925046913062
22884936,test,MANIPULATION,1.269222211953369
22889940,test,MANIPULATION,1.179070612235648
22905823,test,MANIPULATION,1.1924734731964173
22936905,test,MANIPULATION,1.2616508406164029
22940117,test,MANIPULATION,1.1902688831684245
22943145,test,MANIPULATION,1.2944946201980394
22987675,test,MANIPULATION,1.1263520352771503
23019128,test,MANIPULATION,1.2563730419657904
23028775,test,MANIPULATION,1.2673354087805566
23063444,test,MANIPULATION,1.1462755636124047
23081883,test,MANIPULATION,1.1131702604178209
23087604,test,MANIPULATION,1.2479669028402858
23099059,test,MANIPULATION,1.1858507921308923
23138728,test,MANIPULATION,1.12605475146544
23179063,test,MANIPULATION,1.2003349081018282
23185360,test,MANIPULATION,1.274005178543418
23234107,test,MANIPULATION,1.1568342037606751
23245426,test,MANIPULATION,1.1552518026750849
23262175,test,MANIPULATION,1.1420839506655909
23270876,test,MANIPULATION,1.2377703168695897
23284730,test,MANIPULATION,1.1864446586374957
23303932,test,MANIPULATION,1.1838963697865146
23394712,test,MANIPULATION,1.2679212736958492
23404335,test,MANIPULATION,1.0428268409557053
23448875,test,MANIPULATION,1.1634921264315645
23457592,test,MANIPULATION,1.1634751695615677
23460411,test,MANIPULATION,1.241113110782796
23497788,test,MANIPULATION,1.1668880561728772
23510545,test,MANIPULATION,1.269857268585934
23530897,test,MANIPULATION,1.2727892855480445
23553547,test,MANIPULATION,1.209437138266514
23558094,test,MANIPULATION,1.248890020370126
23567890,test,MANIPULATION,1.108827320532986
23658538,test,MANIPULATION,1.286947995944242
23684978,test,MANIPULATION,1.1488031856466243
23800705,test,MANIPULATION,1.174950486562221
23804086,test,MANIPULATION,1.0936343261194925
23813738,test,MANIPULATION,1.3115948031112763
23840533,test,MANIPULATION,1.3029001514207328
23845427,test,MANIPULATION,1.2562356663246081
23901117,test,MANIPULATION,1.1255333636515015
23913255,test,MANIPULATION,1.1090263914558123
23954317,test,MANIPULATION,1.122672713813254
24016726,test,MANIPULATION,1.2046340296234248
24062654,test,MANIPULATION,1.1774461275119126
24064075,test,MANIPULATION,1.1373690447156406
24090513,test,MANIPULATION,1.1057434702707785
24090712,test,MANIPULATION,1.2007278178044656
24119547,test,MANIPULATION,1.10983090746454
24124929,test,MANIPULATION,1.2420634454492263
24129199,test,MANIPULATION,1.2536457967188603
24130761,test,MANIPULATION,1.2123949648245604
24155702,test,MANIPULATION,1.244640039692674
24185018,test,MANIPULATION,1.1040264770674604
24186897,test,MANIPULATION,1.1787820903885162
24194828,test,MANIPULATION,1.2111378323597088
24196947,test,MANIPULATION,1.2539078608824574
24214215,test,MANIPULATION,1.3140165001577369
24227721,test,MANIPULATION,1.2232872470921996
24246489,test,MANIPULATION,1.2511656748203834
24247250,test,MANIPULATION,1.1678286557464144
24262200,test,MANIPULATION,1.2012458390063707
24269272,test,MANIPULATION,1.1805646369081795
24269856,test,MANIPULATION,1.2736741085807777
24275197,test,MANIPULATION,1.2066651816869778
24285897,test,MANIPULATION,1.2574967020499284
24315034,test,MANIPULATION,1.2833135203931139
24323497,test,MANIPULATION,1.1584558600434445
24431433,test,MANIPULATION,1.260889503731385
24439485,test,MANIPULATION,1.205441074954741
24466193,test,MANIPULATION,1.2167815746919552
24478354,test,MANIPULATION,1.1587560043288585
24493851,test,MANIPULATION,1.2187712951905962
24507118,test,MANIPULATION,1.1950352576230103
24512819,test,MANIPULATION,1.2392537327334707
24534814,test,MANIPULATION,1.101469992787197
24578040,test,MANIPULATION,1.0809922524729505
24582805,test,MANIPULATION,1.2627278723441917
24637793,test,MANIPULATION,1.268116894919231
24657305,test,MANIPULATION,1.2491533544084668
24659430,test,MANIPULATION,1.1145200086410214
24711792,test,MANIPULATION,1.0919673041773519
24742157,test,MANIPULATION,1.0566450865865433
24746954,test,MANIPULATION,1.109334757957655
24795158,test,MANIPULATION,1.1413111975003827
24828649,test,MANIPULATION,1.209972769999112
24830839,test,MANIPULATION,1.2365246745133742
24872557,test,MANIPULATION,1.2158111569172403
24893737,test,MANIPULATION,1.2083389038800803
24960046,test,MANIPULATION,0.9959390826050746
25057466,test,MANIPULATION,1.129070129862681
25067820,test,MANIPULATION,1.1022723715603557
25092900,test,MANIPULATION,1.2776939773169023
25101865,test,MANIPULATION,1.2561401584889624
25128588,test,MANIPULATION,1.1935282932012918
25139308,test,MANIPULATION,1.1250475051964384
25140143,test,MANIPULATION,1.266417815912797
25140705,test,MANIPULATION,1.204722699224712
25148078,test,MANIPULATION,1.232748071097824
25205663,test,MANIPULATION,1.3031547228167917
25209289,test,MANIPULATION,1.2583967494759731
25222292,test,MANIPULATION,1.20221576505836
25245813,test,MANIPULATION,1.158969724302079
25258246,test,MANIPULATION,1.1529198758148815
25265551,test,MANIPULATION,1.1434500691469682
25275449,test,MANIPULATION,1.141662918593447
25284304,test,MANIPULATION,1.288139156674337
25309380,test,MANIPULATION,1.3001499513100685
25366500,test,MANIPULATION,1.109658479298471
25392511,test,MANIPULATION,1.136959654603574
25411490,test,MANIPULATION,1.2185523683029456
25463468,test,MANIPULATION,1.2980107114852448
25465122,test,MANIPULATION,1.2064680076658494
25505319,test,MANIPULATION,1.2679627653569316
25557401,test,MANIPULATION,1.2095423855120997
25586959,test,MANIPULATION,1.196863251882605
25610763,test,MANIPULATION,1.1407293423598641
25610797,test,MANIPULATION,1.2547387370298833
25640962,test,MANIPULATION,1.227615163778885
25653582,test,MANIPULATION,1.2005777714996062
25659462,test,MANIPULATION,1.1017746132086823
25665967,test,MANIPULATION,1.1649065279127462
25727574,test,MANIPULATION,1.1617509863980797
25757652,test,MANIPULATION,1.0833249785312833
25774886,test,MANIPULATION,1.2067064319433705
25790026,test,MANIPULATION,1.2504032339573674
25820129,test,MANIPULATION,1.1691835540799738
25862563,test,MANIPULATION,1.26287208100592
25862672,test,MANIPULATION,1.096087633371472
25873873,test,MANIPULATION,1.0548763168904418
25889338,test,MANIPULATION,1.1958304577341903
25907759,test,MANIPULATION,1.2951144664901986
25987597,test,MANIPULATION,1.272576517081866
25999844,test,MANIPULATION,1.1020690951235783
26019335,test,MANIPULATION,1.142220166589054
26058882,test,MANIPULATION,1.1568803811179331
26079805,test,MANIPULATION,1.1963172824089607
26088973,test,MANIPULATION,1.236848320588505
26108101,test,MANIPULATION,1.1074532151757004
26129732,test,MANIPULATION,1.231533154594983
26150519,test,MANIPULATION,1.33025171256983
26197049,test,MANIPULATION,1.1607872938224983
26219630,test,MANIPULATION,1.210629444198005
26269633,test,MANIPULATION,1.2292854651979217
26290236,test,MANIPULATION,1.0818401666472535
26303978,test,MANIPULATION,1.2084432150337934
26351854,test,MANIPULATION,1.1982075282082043
26388754,test,MANIPULATION,1.1753664555307386
26427643,test,MANIPULATION,1.3033043637948392
26439265,test,MANIPULATION,1.2320307726210604
26441146,test,MANIPULATION,1.3105089687877909
26496709,test,MANIPULATION,1.2196997856468674
26512314,test,MANIPULATION,1.1099848657429994
26562059,test,MANIPULATION,1.2976424764497874
26586830,test,MANIPULATION,1.2369329563274227
26594629,test,MANIPULATION,1.3000259793637619
26598684,test,MANIPULATION,1.0716897044578646
26610651,test,MANIPULATION,1.1780659055329827
26613549,test,MANIPULATION,1.2072485860449467
26615571,test,MANIPULATION,1.1470692239780094
26667844,test,MANIPULATION,1.263629301239999
26683080,test,MANIPULATION,1.2488287912255758
26725925,test,MANIPULATION,1.1712317453601784
26757433,test,MANIPULATION,1.2532892227284784
26803059,test,MANIPULATION,1.249686067850108
26806289,test,MANIPULATION,1.2695361159670688
26807336,test,MANIPULATION,1.2696342588606584
26821847,test,MANIPULATION,1.2795195736812401
26825441,test,MANIPULATION,1.1533456757124927
26958462,test,MANIPULATION,1.1515317950380102
26967943,test,MANIPULATION,1.3332119761079761
26971253,test,MANIPULATION,1.190189143525372
26975555,test,MANIPULATION,1.093073602356714
27000310,test,MANIPULATION,1.171642842615281
27001453,test,MANIPULATION,1.138716427374213
27014015,test,MANIPULATION,1.2099608679896454
27018483,test,MANIPULATION,1.212458210609781
27026657,test,MANIPULATION,1.2068537885477908
27054401,test,MANIPULATION,1.216877453955818
27066309,test,MANIPULATION,1.2638250509206583
27096431,test,MANIPULATION,1.1917343798118574
27102424,test,MANIPULATION,1.1505506326143322
27233825,test,MANIPULATION,1.2957267522961915
27242465,test,MANIPULATION,1.1606819902628986
27303278,test,MANIPULATION,1.1268887237491116
27402599,test,MANIPULATION,1.1683487843785367
27406406,test,MANIPULATION,1.1072499179950208
27459935,test,MANIPULATION,1.161891671016563
27466342,test,MANIPULATION,1.320404651880207
27477592,test,MANIPULATION,1.2902500501861462
27498040,test,MANIPULATION,1.1727472758109418
27536945,test,MANIPULATION,1.2756912893151464
27575389,test,MANIPULATION,1.21551879696806
27575531,test,MANIPULATION,1.248498162382111
27601973,test,MANIPULATION,1.206326213693139
27601982,test,MANIPULATION,1.3168647140547498
27622396,test,MANIPULATION,1.151162529736818
27622781,test,MANIPULATION,1.238829363217343
27633395,test,MANIPULATION,1.177762267072332
27679564,test,MANIPULATION,1.1856921683328348
27693668,test,MANIPULATION,1.1847537466324018
27779211,test,MANIPULATION,1.0984542364357759
27780529,test,MANIPULATION,1.299810531281954
27814379,test,MANIPULATION,1.1726629229395622
27853428,test,MANIPULATION,1.0945664503016952
27977692,test,MANIPULATION,1.2006552446155982
28054126,test,MANIPULATION,1.138499025402101
28069964,test,MANIPULATION,1.2752810280996538
28073935,test,MANIPULATION,1.093726498366922
28077120,test,MANIPULATION,1.0408149077119444
28105707,test,MANIPULATION,1.2018765502110458
28117844,test,MANIPULATION,1.2193932581367803
28294712,test,MANIPULATION,1.2399314292377863
28320846,test,MANIPULATION,1.2665033293419434
28374089,test,MANIPULATION,1.1293546211308831
28376413,test,MANIPULATION,1.2576298631707583
28424597,test,MANIPULATION,1.28376132956658
28463748,test,MANIPULATION,1.1614537740357624
28506213,test,MANIPULATION,1.1615259413496628
28556306,test,MANIPULATION,1.19194446989194
28578155,test,MANIPULATION,1.2044384537707205
28579482,test,MANIPULATION,1.0044876909438172
28701942,test,MANIPULATION,1.0828478311128868
28713255,test,MANIPULATION,1.158010438545471
28733247,test,MANIPULATION,1.2013632850760052
28811179,test,MANIPULATION,1.2617799838088355
28821668,test,MANIPULATION,1.0258728804773376
28865310,test,MANIPULATION,1.209003773038256
28893526,test,MANIPULATION,1.261233706315928
28951165,test,MANIPULATION,1.2648821054456671
28980133,test,MANIPULATION,1.2418111841492572
28987904,test,MANIPULATION,1.231756162140582
29024192,test,MANIPULATION,1.1111069088640133
29058352,test,MANIPULATION,1.1531628497431679
29079398,test,MANIPULATION,1.1375911339490552
29107022,test,MANIPULATION,1.2071789464242586
29107769,test,MANIPULATION,1.167854898063717
29159044,test,MANIPULATION,1.2712888656251855
29159055,test,MANIPULATION,1.2410138724580064
29247666,test,MANIPULATION,1.203184991534272
29263238,test,MANIPULATION,1.0560420110650854
29264112,test,MANIPULATION,1.148934249997965
29318509,test,MANIPULATION,1.2600992579164096
29339077,test,MANIPULATION,1.2357806926120407
29406962,test,MANIPULATION,1.1592897089800724
29444466,test,MANIPULATION,1.2565177007659105
29498761,test,MANIPULATION,1.2865884968676564
29512943,test,MANIPULATION,1.1904200899386157
29527494,test,MANIPULATION,1.1531564255637272
29554542,test,MANIPULATION,1.2307106209642336
29582502,test,MANIPULATION,1.184630655108704
29588124,test,MANIPULATION,1.119842807467899
29619759,test,MANIPULATION,1.1087010603468634
29660636,test,MANIPULATION,1.0628768387802476
29723244,test,MANIPULATION,1.1920752087972397
29731712,test,MANIPULATION,1.2523403762385903
29748770,test,MANIPULATION,1.1700107067791665
29856823,test,MANIPULATION,1.1875400054155991
29880254,test,MANIPULATION,1.09361045400958
30006292,test,MANIPULATION,1.2550646327748038
12353242,test,SEMANTIC_PROCESSING,1.2543556658051995
14568459,test,SEMANTIC_PROCESSING,1.196652391436398
14741658,test,SEMANTIC_PROCESSING,1.1983852911021549
16861335,test,SEMANTIC_PROCESSING,1.17509962453116
17010420,test,SEMANTIC_PROCESSING,1.2102065505412554
18072277,test,SEMANTIC_PROCESSING,1.183001658861324
18578598,test,SEMANTIC_PROCESSING,1.271778191596764
19046993,test,SEMANTIC_PROCESSING,1.1625312004027817
19052212,test,SEMANTIC_PROCESSING,1.3291246542044783
19345269,test,SEMANTIC_PROCESSING,1.40122798542544
19580874,test,SEMANTIC_PROCESSING,1.4255612413057663
19628276,test,SEMANTIC_PROCESSING,1.3025811287708127
19805418,test,SEMANTIC_PROCESSING,1.1444709035610132
21109010,test,SEMANTIC_PROCESSING,1.3121812468465825
21641022,test,SEMANTIC_PROCESSING,1.2661345593835673
21689852,test,SEMANTIC_PROCESSING,1.1083249060473142
21813693,test,SEMANTIC_PROCESSING,1.3288953143457418
22632812,test,SEMANTIC_PROCESSING,1.2594928690104417
22672735,test,SEMANTIC_PROCESSING,1.2124805647554806
22927897,test,SEMANTIC_PROCESSING,1.3733024622422834
23555020,test,SEMANTIC_PROCESSING,1.1254419345377924
23816958,test,SEMANTIC_PROCESSING,1.3509821012816152
24135134,test,SEMANTIC_PROCESSING,1.2217405430195127
24465965,test,SEMANTIC_PROCESSING,1.2332984106012477
24513528,test,SEMANTIC_PROCESSING,1.0810605456352795
26505300,test,SEMANTIC_PROCESSING,1.273761376426612
26583355,test,SEMANTIC_PROCESSING,1.3287070676486956
26901644,test,SEMANTIC_PROCESSING,1.1312485882796341
27669107,test,SEMANTIC_PROCESSING,1.297704463309194
27903727,test,SEMANTIC_PROCESSING,1.1579772632332639
28337410,test,SEMANTIC_PROCESSING,1.288203576374027
28869842,test,SEMANTIC_PROCESSING,1.2098457109764107
15193625,test,SOCIAL_COGNITION,1.2085526935607227
16154166,test,SOCIAL_COGNITION,1.1823449823940562
16257239,test,SOCIAL_COGNITION,1.2622343106058243
19015096,test,SOCIAL_COGNITION,1.2032767882369446
22174872,test,SOCIAL_COGNITION,1.1005411932421174
26585095,test,SOCIAL_COGNITION,1.211719043023072
26908317,test,SOCIAL_COGNITION,1.2208281291689504
27613508,test,SOCIAL_COGNITION,1.1688664855611193
29947610,test,SOCIAL_COGNITION,1.1911920788220578
19492300,test,ANTICIPATION,1.6366115140050594
20025853,test,ANTICIPATION,1.2789099431365085
26899433,test,ANTICIPATION,1.3211591829458258
27672554,test,ANTICIPATION,1.5649615272524133
10518175,test,RECALL,1.0453813460016346
11704074,test,RECALL,1.1758973986397232
11997687,test,RECALL,1.1238789547127406
12477696,test,RECALL,1.0250452447028608
12670429,test,RECALL,1.2277611718328094
14741683,test,RECALL,1.10063271901259
15689557,test,RECALL,1.1291204889615116
15919215,test,RECALL,1.0524960455986558
16292319,test,RECALL,1.0598191320240073
16510224,test,RECALL,1.3410395187128339
17276751,test,RECALL,1.3028361311217176
17499456,test,RECALL,1.1322733700486909
17932973,test,RECALL,1.3064387677112126
17963998,test,RECALL,1.1022840093163842
18234685,test,RECALL,1.1126503192911337
18342424,test,RECALL,1.1142678987214634
18403397,test,RECALL,1.062404300743251
18620906,test,RECALL,1.0890710306651914
18820289,test,RECALL,1.1648429834822374
19176814,test,RECALL,1.1023185641356648
19301997,test,RECALL,0.9916464584057353
19553452,test,RECALL,1.3344169930808245
19641018,test,RECALL,1.0598455749362925
19734016,test,RECALL,1.0862280604546581
20631183,test,RECALL,1.3399426344326284
20685091,test,RECALL,1.1552011713637689
21035553,test,RECALL,1.3031203139721272
21248058,test,RECALL,1.226003925123763
21590504,test,RECALL,1.1757560523644042
21640840,test,RECALL,1.3060931990293683
22206877,test,RECALL,1.2364285755543032
22395084,test,RECALL,1.0841220906508366
22750720,test,RECALL,1.126549897825853
22895705,test,RECALL,1.1592558248724454
22987723,test,RECALL,0.9793341826157219
23314939,test,RECALL,1.0417135160484718
23570916,test,RECALL,1.1595176884598086
23748501,test,RECALL,1.122888576796207
23751153,test,RECALL,1.2001753812702447
25154706,test,RECALL,1.1396380834226774
25319690,test,RECALL,1.0682455995926474
25631058,test,RECALL,1.0519590817971378
25954169,test,RECALL,1.308046817183499
26635557,test,RECALL,1.1768444999865773
26777274,test,RECALL,1.077476799472908
26888926,test,RECALL,1.0995594192034097
27182810,test,RECALL,1.0504744673824504
27444729,test,RECALL,1.136588017445295
27842291,test,RECALL,1.0792358715851624
27898705,test,RECALL,1.1015016051444866
28093475,test,RECALL,1.0567884412123494
29133109,test,RECALL,1.2446971869451409
15142964,test,FAMILIARITY,1.1709197478110218
15156146,test,FAMILIARITY,1.1490223797883328
15275903,test,FAMILIARITY,1.1968501332282186
15705612,test,FAMILIARITY,1.1953163607495128
16257547,test,FAMILIARITY,1.2772908840474366
16473024,test,FAMILIARITY,1.1974879850246039
17029986,test,FAMILIARITY,1.2159623148448735
17714013,test,FAMILIARITY,1.236668024880893
17894398,test,FAMILIARITY,1.191056118314673
18258337,test,FAMILIARITY,1.2907195467370407
18675362,test,FAMILIARITY,1.190037060112229
19240137,test,FAMILIARITY,1.1059792386853553
20800687,test,FAMILIARITY,1.2593634535366178
21396384,test,FAMILIARITY,1.172533106291513
21898674,test,FAMILIARITY,1.2216513041993444
22102548,test,FAMILIARITY,1.1683375465579244
24210423,test,FAMILIARITY,1.1762712823573527
24564467,test,FAMILIARITY,1.2055471654777627
24608131,test,FAMILIARITY,1.2049904027189664
25892594,test,FAMILIARITY,1.2794257946471725
26175677,test,FAMILIARITY,1.2131374619874664
27899123,test,FAMILIARITY,1.141083607629093
29869764,test,FAMILIARITY,1.1900966274725815
18158370,test,SALIENCE,1.4054450686346198
23428568,test,SALIENCE,1.140459566118203
25258037,test,SALIENCE,1.434514936497202
25416642,test,SALIENCE,1.3090894638891117
27213610,test,SALIENCE,1.4031249324289763
9989556,test,COGNITIVE_PROCESS,1.0857951753629795
10509837,test,COGNITIVE_PROCESS,1.0628192208268175
11098795,test,COGNITIVE_PROCESS,1.0192555955883502
11590113,test,COGNITIVE_PROCESS,1.0322682056769694
11751032,test,COGNITIVE_PROCESS,1.0595829533722836
12160755,test,COGNITIVE_PROCESS,1.0719079750878955
12507693,test,COGNITIVE_PROCESS,1.0487287584160272
12547465,test,COGNITIVE_PROCESS,1.030166991575904
12867520,test,COGNITIVE_PROCESS,1.0715376736046873
14642287,test,COGNITIVE_PROCESS,1.0003368317973946
14683707,test,COGNITIVE_PROCESS,1.1159001033617635
15528101,test,COGNITIVE_PROCESS,1.0280507652167006
15691521,test,COGNITIVE_PROCESS,1.110168832069159
15721593,test,COGNITIVE_PROCESS,1.0240989574061445
15784436,test,COGNITIVE_PROCESS,1.095249074186796
15784440,test,COGNITIVE_PROCESS,1.0099559942957685
15795134,test,COGNITIVE_PROCESS,0.970400661200661
15887056,test,COGNITIVE_PROCESS,1.0770954197144575
16228196,test,COGNITIVE_PROCESS,1.017851767599107
16247013,test,COGNITIVE_PROCESS,1.1168883355267964
16407479,test,COGNITIVE_PROCESS,1.080884477931658
16497278,test,COGNITIVE_PROCESS,1.0627369975496788
16876130,test,COGNITIVE_PROCESS,1.079454620744957
16973382,test,COGNITIVE_PROCESS,1.0594105916794891
17011096,test,COGNITIVE_PROCESS,1.0566432525602794
17188518,test,COGNITIVE_PROCESS,1.0461564840923883
17888408,test,COGNITIVE_PROCESS,1.0443068018623922
18004945,test,COGNITIVE_PROCESS,1.0278906272337296
18053686,test,COGNITIVE_PROCESS,1.0591584827344245
18160646,test,COGNITIVE_PROCESS,1.0599796083914457
18184777,test,COGNITIVE_PROCESS,1.103683081102299
18261933,test,COGNITIVE_PROCESS,1.0552230092335853
18499480,test,COGNITIVE_PROCESS,1.0765243494537047
18511301,test,COGNITIVE_PROCESS,1.0513976195861794
18524902,test,COGNITIVE_PROCESS,1.0622177200847602
18582578,test,COGNITIVE_PROCESS,1.026623613746428
18635157,test,COGNITIVE_PROCESS,1.0433078366887014
18842666,test,COGNITIVE_PROCESS,0.9717241544621419
18996508,test,COGNITIVE_PROCESS,1.0960255533312735
19015081,test,COGNITIVE_PROCESS,1.0780666101057
19028527,test,COGNITIVE_PROCESS,1.06089439912162
19242558,test,COGNITIVE_PROCESS,1.0098623399600934
19320638,test,COGNITIVE_PROCESS,1.0686383167514542
19376243,test,COGNITIVE_PROCESS,0.9630079578881839
19418510,test,COGNITIVE_PROCESS,1.078729095459706
19427842,test,COGNITIVE_PROCESS,1.0366956667680511
19465137,test,COGNITIVE_PROCESS,0.9923236469386661
19490513,test,COGNITIVE_PROCESS,1.1024160078943692
19540253,test,COGNITIVE_PROCESS,1.0682585304037737
19632283,test,COGNITIVE_PROCESS,1.0840301313039682
19650139,test,COGNITIVE_PROCESS,1.0461068311731319
19686782,test,COGNITIVE_PROCESS,1.066574036068202
19709644,test,COGNITIVE_PROCESS,1.1034915236646954
19818906,test,COGNITIVE_PROCESS,1.0032354490877993
19915091,test,COGNITIVE_PROCESS,0.9939120727847934
20164352,test,COGNITIVE_PROCESS,1.0212805179942885
20528086,test,COGNITIVE_PROCESS,1.003050479989036
20600966,test,COGNITIVE_PROCESS,1.0312397134352684
20610743,test,COGNITIVE_PROCESS,1.077487097776661
20673803,test,COGNITIVE_PROCESS,1.0946973630700705
20728873,test,COGNITIVE_PROCESS,1.0715089081292017
20797441,test,COGNITIVE_PROCESS,1.06442395061925
20961661,test,COGNITIVE_PROCESS,1.0450920201421745
21144497,test,COGNITIVE_PROCESS,1.1770583615235652
21147230,test,COGNITIVE_PROCESS,1.0612582111805087
21154789,test,COGNITIVE_PROCESS,1.0222839624860895
21205806,test,COGNITIVE_PROCESS,1.0071528870880342
21212840,test,COGNITIVE_PROCESS,0.9920949791261618
21333979,test,COGNITIVE_PROCESS,1.0336918985306556
21373973,test,COGNITIVE_PROCESS,1.095850024298597
21390505,test,COGNITIVE_PROCESS,1.0345326425386316
21452946,test,COGNITIVE_PROCESS,1.029403715058022
21471359,test,COGNITIVE_PROCESS,0.9985368067220689
21498384,test,COGNITIVE_PROCESS,0.9842663629515734
21508220,test,COGNITIVE_PROCESS,1.0431609665897186
21683500,test,COGNITIVE_PROCESS,0.9831332680630029
21699987,test,COGNITIVE_PROCESS,1.131001188481343
21703498,test,COGNITIVE_PROCESS,1.003956869775102
21896497,test,COGNITIVE_PROCESS,1.093675986510755
21903032,test,COGNITIVE_PROCESS,0.9793125717894394
21926468,test,COGNITIVE_PROCESS,1.0038030489930438
21938266,test,COGNITIVE_PROCESS,0.99831032753893
22096519,test,COGNITIVE_PROCESS,1.0363640037094641
22154962,test,COGNITIVE_PROCESS,1.0506604561228072
22227141,test,COGNITIVE_PROCESS,1.0535240490379256
22234380,test,COGNITIVE_PROCESS,1.045211655948664
22368086,test,COGNITIVE_PROCESS,1.0531166611234868
22398299,test,COGNITIVE_PROCESS,1.0655366054022677
22431327,test,COGNITIVE_PROCESS,1.069776566076961
22440647,test,COGNITIVE_PROCESS,1.0001425834586186
22507228,test,COGNITIVE_PROCESS,1.0937531015565298
22510246,test,COGNITIVE_PROCESS,1.040590481608036
22563003,test,COGNITIVE_PROCESS,1.0524763379189415
22571460,test,COGNITIVE_PROCESS,1.0798791792462055
22617625,test,COGNITIVE_PROCESS,1.1422525331510278
22617829,test,COGNITIVE_PROCESS,1.0546343662070663
22623532,test,COGNITIVE_PROCESS,1.0237830467487572
22696421,test,COGNITIVE_PROCESS,1.026716340611176
22768287,test,COGNITIVE_PROCESS,1.028028273607037
22814146,test,COGNITIVE_PROCESS,0.993784803658178
22831862,test,COGNITIVE_PROCESS,1.0639005282088978
22974975,test,COGNITIVE_PROCESS,1.0773480133125273
23000552,test,COGNITIVE_PROCESS,1.0284377078153237
23062585,test,COGNITIVE_PROCESS,1.076105511887059
23129993,test,COGNITIVE_PROCESS,1.107376013112963
23144915,test,COGNITIVE_PROCESS,1.0636533420396503
23175822,test,COGNITIVE_PROCESS,1.1298393369557653
23200718,test,COGNITIVE_PROCESS,1.0970797515451356
23201367,test,COGNITIVE_PROCESS,1.1004848842017823
23245219,test,COGNITIVE_PROCESS,1.0610037146020914
23410736,test,COGNITIVE_PROCESS,1.0079014251007632
23468100,test,COGNITIVE_PROCESS,1.06847679961423
23468832,test,COGNITIVE_PROCESS,0.9824118373154881
23512932,test,COGNITIVE_PROCESS,1.0814646533748364
23578759,test,COGNITIVE_PROCESS,1.0787889337314436
23588273,test,COGNITIVE_PROCESS,1.0291238856250975
23664619,test,COGNITIVE_PROCESS,1.082161329946597
23664683,test,COGNITIVE_PROCESS,1.0287454228084698
23675408,test,COGNITIVE_PROCESS,1.0524727795889022
23748500,test,COGNITIVE_PROCESS,1.012579946209371
23754994,test,COGNITIVE_PROCESS,1.0211975097866859
23773427,test,COGNITIVE_PROCESS,1.0154514522146154
23787950,test,COGNITIVE_PROCESS,1.0881550543918606
23861165,test,COGNITIVE_PROCESS,1.0528778493572926
23887819,test,COGNITIVE_PROCESS,1.1069389332186523
23888999,test,COGNITIVE_PROCESS,1.0441472536846939
23907764,test,COGNITIVE_PROCESS,1.0730421659406248
23911835,test,COGNITIVE_PROCESS,1.0505918943997028
23932225,test,COGNITIVE_PROCESS,1.1119823392307688
24093010,test,COGNITIVE_PROCESS,1.0232232909213834
24123508,test,COGNITIVE_PROCESS,0.9654999440520823
24236212,test,COGNITIVE_PROCESS,1.1086415831717595
24361634,test,COGNITIVE_PROCESS,0.9743741750014054
24376780,test,COGNITIVE_PROCESS,1.0194413035784753
24747514,test,COGNITIVE_PROCESS,0.9648493817173136
24867353,test,COGNITIVE_PROCESS,1.1067024719476493
25023736,test,COGNITIVE_PROCESS,1.0508502322235458
25170021,test,COGNITIVE_PROCESS,1.0226780339117414
25184294,test,COGNITIVE_PROCESS,1.1143126011237279
25262587,test,COGNITIVE_PROCESS,1.047564957690483
25274576,test,COGNITIVE_PROCESS,1.0620934928554233
25305570,test,COGNITIVE_PROCESS,0.9872999204681275
25394198,test,COGNITIVE_PROCESS,0.9830455107753064
25453167,test,COGNITIVE_PROCESS,1.1059068021646759
25514518,test,COGNITIVE_PROCESS,0.9700078723947472
25554429,test,COGNITIVE_PROCESS,1.0889828885950337
25578796,test,COGNITIVE_PROCESS,0.99191210439426
25608023,test,COGNITIVE_PROCESS,1.070786738278004
25613901,test,COGNITIVE_PROCESS,0.9852170820953061
25687596,test,COGNITIVE_PROCESS,1.082307749871627
25698948,test,COGNITIVE_PROCESS,1.029761117933186
25724688,test,COGNITIVE_PROCESS,1.0766063455304866
25790002,test,COGNITIVE_PROCESS,1.0353065859180806
26000753,test,COGNITIVE_PROCESS,1.0036489320462059
26166623,test,COGNITIVE_PROCESS,0.9793544168473725
26196669,test,COGNITIVE_PROCESS,1.0398350384164896
26269638,test,COGNITIVE_PROCESS,1.1240694754454266
26279212,test,COGNITIVE_PROCESS,1.1204345102101856
26305476,test,COGNITIVE_PROCESS,1.0068705653850734
26317858,test,COGNITIVE_PROCESS,1.026690341649827
26331684,test,COGNITIVE_PROCESS,1.1040158127704205
26367817,test,COGNITIVE_PROCESS,1.033195866144512
26436895,test,COGNITIVE_PROCESS,1.0397111311353193
26455808,test,COGNITIVE_PROCESS,1.0889990635716018
26781484,test,COGNITIVE_PROCESS,1.123221333840124
27170137,test,COGNITIVE_PROCESS,1.0213797306335635
27220041,test,COGNITIVE_PROCESS,1.1093150781995773
27307373,test,COGNITIVE_PROCESS,1.0505978777962606
27355179,test,COGNITIVE_PROCESS,0.9737678391580862
27378890,test,COGNITIVE_PROCESS,0.9687766082974134
27522332,test,COGNITIVE_PROCESS,1.0182560773376508
27568587,test,COGNITIVE_PROCESS,1.0674895456543028
27659299,test,COGNITIVE_PROCESS,1.0647956714408062
27695408,test,COGNITIVE_PROCESS,1.0013596612627382
27814960,test,COGNITIVE_PROCESS,1.0347103282604544
27827445,test,COGNITIVE_PROCESS,1.0958980633646542
27838595,test,COGNITIVE_PROCESS,0.9849849982108507
27870866,test,COGNITIVE_PROCESS,1.05507553623272
27988321,test,COGNITIVE_PROCESS,1.1142887274465012
28008077,test,COGNITIVE_PROCESS,1.1072273648371629
28092779,test,COGNITIVE_PROCESS,1.0651346686606957
28210930,test,COGNITIVE_PROCESS,1.120223742236759
28338791,test,COGNITIVE_PROCESS,1.0220662247867054
28645841,test,COGNITIVE_PROCESS,1.0492294060130565
28699704,test,COGNITIVE_PROCESS,1.0025981188091089
29024175,test,COGNITIVE_PROCESS,0.9807470885089976
29064475,test,COGNITIVE_PROCESS,0.9892226295466746
29218570,test,COGNITIVE_PROCESS,1.0893205136517676
29243122,test,COGNITIVE_PROCESS,1.0992299429554706
29285721,test,COGNITIVE_PROCESS,0.985063009767209
29364911,test,COGNITIVE_PROCESS,1.0412252913521176
29387529,test,COGNITIVE_PROCESS,1.0797087445252518
29398207,test,COGNITIVE_PROCESS,1.0317970607886657
29428771,test,COGNITIVE_PROCESS,1.0170495002292739
29431647,test,COGNITIVE_PROCESS,0.9693264997098313
29453959,test,COGNITIVE_PROCESS,1.0253074731926701
29644568,test,COGNITIVE_PROCESS,1.0080574010267482
29656269,test,COGNITIVE_PROCESS,1.0654877145931672
29723776,test,COGNITIVE_PROCESS,1.0262394579219107
10489865,validation,HEARING,1.2187134820084968
10659849,validation,HEARING,1.2644304928789802
10700305,validation,HEARING,1.1219556122422945
11163282,validation,HEARING,1.1751796814403395
11506664,validation,HEARING,1.1316568671786749
11606687,validation,HEARING,1.1531057616610143
11723149,validation,HEARING,1.0785374126761136
11884359,validation,HEARING,1.3937886057984576
11930139,validation,HEARING,1.2771825783037611
11986125,validation,HEARING,1.1077857134844518
12165364,validation,HEARING,1.1313274771708708
12203685,validation,HEARING,1.114383204461518
12208550,validation,HEARING,1.3519266812864095
12414283,validation,HEARING,1.1885944700271556
12547471,validation,HEARING,1.1264346935670342
12662974,validation,HEARING,1.1221948932759962
12858034,validation,HEARING,1.1359146038826768
12953303,validation,HEARING,1.2306544405927204
14736575,validation,HEARING,1.171178921628201
14741643,validation,HEARING,1.2064081652240501
14872506,validation,HEARING,1.2993721324332133
14990520,validation,HEARING,1.139489498076684
15087631,validation,HEARING,1.1272930815378501
15217377,validation,HEARING,1.2596911812200247
15268914,validation,HEARING,1.1496494198247673
15297367,validation,HEARING,1.2766459626282152
15325369,validation,HEARING,1.2443461591076899
15448530,validation,HEARING,1.25143283409886
15486477,validation,HEARING,1.2363824400086563
15593269,validation,HEARING,1.307267494634584
15654860,validation,HEARING,1.1032921271380487
15684052,validation,HEARING,1.3002825346293352
15769497,validation,HEARING,1.2020714540503932
15894493,validation,HEARING,1.2557785379389403
15896481,validation,HEARING,1.2480981678156213
16154767,validation,HEARING,1.17515060850403
16168736,validation,HEARING,1.2537890795042475
16281283,validation,HEARING,1.306349213279265
16364549,validation,HEARING,1.1325469859682396
16399697,validation,HEARING,1.2191031014205622
16473022,validation,HEARING,1.3376175906384506
16504053,validation,HEARING,1.1740848449459602
16517071,validation,HEARING,1.2015723513229903
16614165,validation,HEARING,1.160127093690025
16707799,validation,HEARING,1.0359942688498474
16767418,validation,HEARING,0.9878777012696505
16815041,validation,HEARING,1.1805725873823016
16963184,validation,HEARING,1.1748842933939005
17296169,validation,HEARING,1.2368205353292447
17383616,validation,HEARING,1.337756245298104
17466401,validation,HEARING,1.1517913672847437
17652461,validation,HEARING,1.2003418004138067
17688963,validation,HEARING,1.3143195341437683
17709121,validation,HEARING,1.1713620645848344
17720687,validation,HEARING,1.245114283973303
17919936,validation,HEARING,1.1284057898156097
17951002,validation,HEARING,1.1977535695393393
17964813,validation,HEARING,1.1365643749869239
18072271,validation,HEARING,1.1318458689353852
18337398,validation,HEARING,1.1189324522638417
18378168,validation,HEARING,1.2202308714954984
18614290,validation,HEARING,1.092306735222269
18635241,validation,HEARING,1.1539986613328723
18799604,validation,HEARING,1.4096227104441428
18809234,validation,HEARING,1.194501036004871
18854582,validation,HEARING,1.0803243279887518
19181696,validation,HEARING,1.1926729602234403
19185468,validation,HEARING,1.2652763841139396
19302164,validation,HEARING,1.0335365690610387
19383438,validation,HEARING,1.1868317970164994
19423680,validation,HEARING,1.1742797414270616
19429078,validation,HEARING,1.191303933849194
19625521,validation,HEARING,1.1544345252814463
20205248,validation,HEARING,1.156471489407229
20211739,validation,HEARING,1.4021180855075084
20519535,validation,HEARING,1.3241911287343722
20812786,validation,HEARING,1.0512678988247883
20832486,validation,HEARING,1.1031039441392336
21256927,validation,HEARING,1.1488923234874433
21291923,validation,HEARING,1.1214561893296924
21349545,validation,HEARING,1.1136846925992554
21448274,validation,HEARING,1.3745469334461584
21533882,validation,HEARING,1.1972417600779375
21620934,validation,HEARING,1.0957590408793991
21676378,validation,HEARING,1.2138551835474873
21738657,validation,HEARING,1.268241255036613
21739525,validation,HEARING,1.2330329025325177
21741302,validation,HEARING,1.2222738377499018
21953980,validation,HEARING,1.2177018475784298
22019203,validation,HEARING,1.1783438781730016
22020878,validation,HEARING,1.135746342282157
22110619,validation,HEARING,1.0495060135311924
22226903,validation,HEARING,1.1635373938382025
22248574,validation,HEARING,1.1407950465870147
22305051,validation,HEARING,1.1752999576335212
22359341,validation,HEARING,1.1725603019167588
22377262,validation,HEARING,1.227758305608277
22406500,validation,HEARING,1.283490092632108
22438288,validation,HEARING,1.0756924831245065
22442088,validation,HEARING,1.223443437361463
22564749,validation,HEARING,1.0986375880502035
22617632,validation,HEARING,1.0912332984692108
22787048,validation,HEARING,1.3230077183651348
22848453,validation,HEARING,1.0546629876622666
23108271,validation,HEARING,1.1525819045170316
23268783,validation,HEARING,1.2035611658880496
23275596,validation,HEARING,1.2251393165002515
23287311,validation,HEARING,1.0845923576466778
23296187,validation,HEARING,1.2880651709405615
23389691,validation,HEARING,1.2132223351799347
23392667,validation,HEARING,1.1546629099484245
23588185,validation,HEARING,1.0747662907103879
23711533,validation,HEARING,1.1975234806876707
23946005,validation,HEARING,1.1913488479297896
24016238,validation,HEARING,1.124449853271451
24120430,validation,HEARING,1.075912074931868
24316238,validation,HEARING,1.1637742543506884
24333752,validation,HEARING,1.4122953800197997
24345178,validation,HEARING,1.1442354723214057
24743423,validation,HEARING,1.1997386887459363
24944870,validation,HEARING,1.125603405176036
25076869,validation,HEARING,1.1238197366393214
25086210,validation,HEARING,1.1914582017307855
25107855,validation,HEARING,1.1268169366750183
25126055,validation,HEARING,1.2300302490706456
25132653,validation,HEARING,1.073271254740015
25191704,validation,HEARING,1.262318713799317
25275613,validation,HEARING,1.0548825752808118
25297095,validation,HEARING,1.2364148387263894
25329557,validation,HEARING,1.2638099198712014
25379411,validation,HEARING,1.164979137074114
25623499,validation,HEARING,1.242092707034965
25680993,validation,HEARING,1.1424015257996736
25708174,validation,HEARING,1.0881898044766711
25842372,validation,HEARING,1.1217726921280573
26048176,validation,HEARING,1.1137175347826096
26119022,validation,HEARING,1.0447977560247665
26279210,validation,HEARING,1.1498805969635453
26343322,validation,HEARING,1.1895577314736072
26388554,validation,HEARING,1.2510044351184815
26512551,validation,HEARING,1.1205671107292567
26514581,validation,HEARING,1.0711224154056687
26708521,validation,HEARING,1.1864599722545601
26843641,validation,HEARING,1.2928581548507905
26866283,validation,HEARING,1.0755301867722908
26900566,validation,HEARING,1.0715885977684148
27034024,validation,HEARING,1.1456917319430422
27039145,validation,HEARING,1.19579150996305
27336309,validation,HEARING,1.0463999430793574
27414048,validation,HEARING,1.2268512069784878
27894900,validation,HEARING,1.1606755534146123
27940151,validation,HEARING,1.1237019987393275
28669904,validation,HEARING,1.1640281981867981
28811367,validation,HEARING,1.1696268005191948
28911803,validation,HEARING,1.1221712542376112
29102817,validation,HEARING,1.221507719873031
29191479,validation,HEARING,1.2863343745297662
29253783,validation,HEARING,1.2921719921157007
29581420,validation,HEARING,1.2104429198411142
29702184,validation,HEARING,1.2867569542327528
8957565,validation,MEANING,1.1356726805276054
10385578,validation,MEANING,1.1874869134546853
10906316,validation,MEANING,1.2577565019708072
10944415,validation,MEANING,1.2082182996173654
11073867,validation,MEANING,1.2750472377829152
11346888,validation,MEANING,1.0930455997120159
12372029,validation,MEANING,1.1559683751027183
12509846,validation,MEANING,1.2436433578396264
12744947,validation,MEANING,1.1622510832561157
12811733,validation,MEANING,1.2669022620081092
14683698,validation,MEANING,1.1912866691110393
15006679,validation,MEANING,1.159405741310658
15163610,validation,MEANING,1.1717814701201543
15219584,validation,MEANING,1.1680787380074673
15275917,validation,MEANING,1.1423738261810603
15716399,validation,MEANING,1.1915462413032127
15808996,validation,MEANING,1.1760453517671448
15956516,validation,MEANING,1.1641453558471682
15966001,validation,MEANING,1.1674703544173093
16242351,validation,MEANING,1.1422333005660101
16298426,validation,MEANING,1.2809313040691788
16310510,validation,MEANING,1.0479128016287924
16427099,validation,MEANING,1.2450761938661845
16767767,validation,MEANING,1.2327479336796006
16963282,validation,MEANING,1.1184814969407209
17030047,validation,MEANING,1.172930044379932
17074949,validation,MEANING,1.0924331707864796
17133392,validation,MEANING,1.237509173614001
17208260,validation,MEANING,1.081909626545944
17209415,validation,MEANING,1.2075137315085618
17258911,validation,MEANING,1.1538944594399132
17400477,validation,MEANING,1.1770146392550846
17507455,validation,MEANING,1.2741454237603067
17634931,validation,MEANING,1.106157071964354
17884585,validation,MEANING,1.2068811529484367
17958479,validation,MEANING,1.1717549131943128
18162699,validation,MEANING,1.1813957634958747
18241912,validation,MEANING,1.206917804243104
18303983,validation,MEANING,1.224012469559035
18387556,validation,MEANING,1.1613665912836195
18602483,validation,MEANING,1.1454160516772989
18702594,validation,MEANING,1.2727968244262875
18954477,validation,MEANING,1.2762859786473069
19350564,validation,MEANING,1.2003329306125823
19477281,validation,MEANING,1.2321066550635413
19554559,validation,MEANING,1.1795979226738187
20056159,validation,MEANING,1.2459583985109404
20396430,validation,MEANING,1.1327342929953725
20600985,validation,MEANING,1.2296513781051015
20864602,validation,MEANING,1.1688793403016737
20955801,validation,MEANING,1.2592621284697014
21109578,validation,MEANING,1.2767191216182014
21183617,validation,MEANING,1.0849438533204891
21515387,validation,MEANING,1.2034696384175168
21803125,validation,MEANING,1.2147718372961611
21889196,validation,MEANING,1.2389341896470396
21898678,validation,MEANING,1.1787941979543317
21930137,validation,MEANING,1.2121310332313047
21962945,validation,MEANING,1.1390653419958692
21978845,validation,MEANING,1.1593435452155927
22200490,validation,MEANING,1.2385875942604652
22387168,validation,MEANING,1.2426431521009107
22429073,validation,MEANING,1.2080312008912395
22534570,validation,MEANING,1.2005988856899523
22548805,validation,MEANING,1.101713227410682
22561179,validation,MEANING,1.177541639522051
22584229,validation,MEANING,1.2075370201662414
22634860,validation,MEANING,1.2032740037933565
22711620,validation,MEANING,1.1765111749751156
22750057,validation,MEANING,1.2195878515137692
22808169,validation,MEANING,1.2711498188744201
22820634,validation,MEANING,1.1653170120707856
22836179,validation,MEANING,1.161866933805609
22987790,validation,MEANING,1.3274520327610517
23033058,validation,MEANING,1.217902041838234
23124385,validation,MEANING,1.2250806014668152
23140672,validation,MEANING,1.0463665629934502
23303919,validation,MEANING,1.1272881629387523
23637175,validation,MEANING,1.2056024501467935
23860118,validation,MEANING,1.158875505104982
23867559,validation,MEANING,1.2156879887744723
23966688,validation,MEANING,1.216486216994835
24238843,validation,MEANING,1.1960455575109485
24332795,validation,MEANING,1.0573210094055348
24368899,validation,MEANING,1.1441057936216126
25016092,validation,MEANING,1.196237796404449
25218951,validation,MEANING,1.1791137988761196
25251441,validation,MEANING,1.1177208793997755
25331605,validation,MEANING,1.130419435601087
25360101,validation,MEANING,1.1600517653608324
25555264,validation,MEANING,1.1645296640814262
25563748,validation,MEANING,1.0931979968545622
25858603,validation,MEANING,1.2170440026080764
25930011,validation,MEANING,1.2630535346934804
26071256,validation,MEANING,1.1625290929805996
26114921,validation,MEANING,1.0414201182112988
26195294,validation,MEANING,1.0326759910096828
26303580,validation,MEANING,1.1987928749681336
26666706,validation,MEANING,1.2001029338612699
26675290,validation,MEANING,1.0781345380446234
26899269,validation,MEANING,1.2310459783030667
27417206,validation,MEANING,1.1725840196478676
27575853,validation,MEANING,1.1477809545883082
27919546,validation,MEANING,1.1077180760257692
27984068,validation,MEANING,1.2027692273905377
28009080,validation,MEANING,1.1289065762795347
28035724,validation,MEANING,1.1075282024778108
28259773,validation,MEANING,1.1577790875582927
28711720,validation,MEANING,1.2343939306598015
28714594,validation,MEANING,1.0555012263552834
28806599,validation,MEANING,1.2273160338393372
28968426,validation,MEANING,1.2815735509157515
29024818,validation,MEANING,1.3438207033725376
29211656,validation,MEANING,1.1741108354865113
29349038,validation,MEANING,1.1735692744133253
29501792,validation,MEANING,1.1784169414860437
29605578,validation,MEANING,1.1725630503029776
29634738,validation,MEANING,1.0713041720836782
29717539,validation,MEANING,1.2689296339730303
9210742,validation,EMOTION,1.07314544593883
9352521,validation,EMOTION,1.1856065407002712
11027916,validation,EMOTION,1.0889928394866466
11839600,validation,EMOTION,1.251051754978323
11870922,validation,EMOTION,1.062570899872635
12165379,validation,EMOTION,1.2378935755877412
12874501,validation,EMOTION,1.2514476559243108
14568446,validation,EMOTION,1.0675288645972159
14755839,validation,EMOTION,1.1036671588173161
15193632,validation,EMOTION,1.1787611807507656
15449355,validation,EMOTION,1.121009313680868
15603746,validation,EMOTION,1.0014368496785133
15673663,validation,EMOTION,1.1050784883630975
15753240,validation,EMOTION,1.1233306286051528
15780849,validation,EMOTION,1.217832343584557
16143498,validation,EMOTION,1.087716577901618
16237317,validation,EMOTION,1.110280355363995
16782207,validation,EMOTION,1.1597186280784741
16952466,validation,EMOTION,1.24743950173049
17088019,validation,EMOTION,0.9961184429111227
17166860,validation,EMOTION,1.0442731040206077
17332416,validation,EMOTION,1.1416635688458228
17335325,validation,EMOTION,1.0407006717068377
17398080,validation,EMOTION,1.1490426646874348
17415777,validation,EMOTION,1.0912798630785288
17442593,validation,EMOTION,1.0850508111829458
17553011,validation,EMOTION,1.0172558810530365
17576282,validation,EMOTION,1.050011452075508
17699669,validation,EMOTION,1.088211066814168
17727825,validation,EMOTION,1.2326732125122302
17988357,validation,EMOTION,1.1342487972470436
18028117,validation,EMOTION,1.224703401069518
18043754,validation,EMOTION,1.0938011629892446
18056543,validation,EMOTION,1.0748472704523395
18058090,validation,EMOTION,1.1554081312788567
18455837,validation,EMOTION,1.0718122223560893
18717711,validation,EMOTION,1.1488526676939992
18752414,validation,EMOTION,1.1002823985995103
19007997,validation,EMOTION,1.1330416984868417
19429172,validation,EMOTION,0.9952556671454192
19480985,validation,EMOTION,1.009586640251553
19627640,validation,EMOTION,1.1124571259013236
19660555,validation,EMOTION,1.1769848548219684
19683585,validation,EMOTION,1.16658095935096
19803681,validation,EMOTION,1.0515498429412178
19931855,validation,EMOTION,1.1122740953978172
19959343,validation,EMOTION,1.143551122919901
20004252,validation,EMOTION,1.1091433582325352
20071145,validation,EMOTION,0.979276327952688
20162600,validation,EMOTION,0.9465291259822587
20488680,validation,EMOTION,1.299040694845591
20609570,validation,EMOTION,1.1241669205113651
20861377,validation,EMOTION,1.2292539300357845
21310593,validation,EMOTION,1.191536980084132
21339377,validation,EMOTION,1.0514178484046102
21356318,validation,EMOTION,1.224900464296277
21568644,validation,EMOTION,1.1201589112839199
21840401,validation,EMOTION,1.118928549949082
21861676,validation,EMOTION,1.0937607483783254
22133562,validation,EMOTION,1.0775985439035862
22275167,validation,EMOTION,1.1115619957301914
22313617,validation,EMOTION,1.172724858521135
22326384,validation,EMOTION,1.0602124347918462
22345383,validation,EMOTION,1.159176526906194
22362841,validation,EMOTION,1.123001677175954
22384105,validation,EMOTION,1.1074925267897018
22387174,validation,EMOTION,1.0705134000166567
22406758,validation,EMOTION,1.1766489935748636
22414937,validation,EMOTION,1.0672809311686688
22445780,validation,EMOTION,1.081744542221092
22446299,validation,EMOTION,1.1181452342873706
22465459,validation,EMOTION,1.1089599258565888
22560889,validation,EMOTION,1.1119813483086802
22580171,validation,EMOTION,1.1680376354767088
22761673,validation,EMOTION,1.0769485129678542
22842815,validation,EMOTION,1.0387264267242844
22952599,validation,EMOTION,1.1273629540323808
23010257,validation,EMOTION,1.1821824343816663
23020899,validation,EMOTION,1.0885311048750166
23097300,validation,EMOTION,1.1409108971818738
23165919,validation,EMOTION,1.1126883106954257
23170240,validation,EMOTION,1.1879565752440684
23236383,validation,EMOTION,1.092295872778153
23328446,validation,EMOTION,1.102963633238307
23385487,validation,EMOTION,1.111373088806146
23433857,validation,EMOTION,1.1249331754104517
23453833,validation,EMOTION,1.16251712975784
23643106,validation,EMOTION,1.154346257649254
23746615,validation,EMOTION,1.192909239804979
23827769,validation,EMOTION,0.9803076169861715
24036962,validation,EMOTION,1.3071886754930762
24126454,validation,EMOTION,1.2264799330636171
24582901,validation,EMOTION,1.1332283735015825
24662929,validation,EMOTION,1.215928014637418
24690370,validation,EMOTION,1.1589741894415828
24737710,validation,EMOTION,1.2318225418012465
24758944,validation,EMOTION,1.2321832355212
24800897,validation,EMOTION,0.9650680507760792
24847113,validation,EMOTION,1.097854487205167
24888525,validation,EMOTION,1.1561069607517882
24964216,validation,EMOTION,1.0724283806844983
25005250,validation,EMOTION,1.1278118029520234
25165065,validation,EMOTION,1.183770610912406
25281889,validation,EMOTION,1.1494467396267665
25360090,validation,EMOTION,1.1678130825333033
25578794,validation,EMOTION,1.070562787161317
25623035,validation,EMOTION,1.1985467507604166
25625285,validation,EMOTION,1.1321471083714592
25682180,validation,EMOTION,1.1520211365756563
25809400,validation,EMOTION,1.148791980966212
26117067,validation,EMOTION,1.0557078628833063
26285212,validation,EMOTION,1.065286362018814
26382634,validation,EMOTION,1.2463260259469104
26431906,validation,EMOTION,1.0797862333413668
26459095,validation,EMOTION,1.141519786128827
26497912,validation,EMOTION,1.2545337070216995
26509115,validation,EMOTION,1.0840562607444963
26805672,validation,EMOTION,1.0996981978725673
26806013,validation,EMOTION,1.089877085639338
26821063,validation,EMOTION,1.0012763981726427
26915535,validation,EMOTION,1.0285277091666456
26931629,validation,EMOTION,1.2050413274442813
26945530,validation,EMOTION,1.2000440085886166
27042977,validation,EMOTION,1.1594790580949719
27716542,validation,EMOTION,1.1166632146390834
27716544,validation,EMOTION,1.11567779180643
27741285,validation,EMOTION,1.1441777331426153
27778344,validation,EMOTION,1.208639751742704
27824358,validation,EMOTION,1.1710433283508634
27838341,validation,EMOTION,1.1542478989922451
27859920,validation,EMOTION,0.9999676986465288
27867434,validation,EMOTION,1.0972485768959868
28018851,validation,EMOTION,0.9912508979896888
28108394,validation,EMOTION,0.9733833317419901
28197859,validation,EMOTION,0.9550937972873081
28244983,validation,EMOTION,1.0334953372068718
28256777,validation,EMOTION,1.1431456397095998
28295978,validation,EMOTION,1.014885711801327
28407555,validation,EMOTION,1.1958610206184959
28667881,validation,EMOTION,1.1014821640569903
28735970,validation,EMOTION,1.2464826960588828
28826089,validation,EMOTION,1.1701016911101914
29252164,validation,EMOTION,1.1716898684931316
29265681,validation,EMOTION,1.0376215011227656
29305750,validation,EMOTION,1.1026109276367588
29876251,validation,EMOTION,1.160411047130884
30035005,validation,EMOTION,1.0966175174809198
1542680,validation,VISION,1.0522158612339296
9620697,validation,VISION,1.0629865136633678
9685203,validation,VISION,1.2089198579720462
9927551,validation,VISION,1.1933330375559381
10027301,validation,VISION,1.3222959227206865
10382629,validation,VISION,1.0765135498062894
10430955,validation,VISION,1.0361994713229703
10734010,validation,VISION,1.0678947096644034
11287379,validation,VISION,1.1238919942992716
11296587,validation,VISION,1.101495579241511
11410950,validation,VISION,1.1293598247733896
11545724,validation,VISION,1.0480744480419302
11682336,validation,VISION,1.284440113738908
11697939,validation,VISION,1.0681662726144137
11835601,validation,VISION,1.2060591751388459
12135974,validation,VISION,1.1056983129841984
12679295,validation,VISION,1.2412193640279643
13679404,validation,VISION,1.0696818114963473
15010496,validation,VISION,1.0805245633271312
15014131,validation,VISION,1.1768493485181548
15178176,validation,VISION,1.1778055960072895
15193590,validation,VISION,1.08376292231297
15246450,validation,VISION,1.1705342423084413
15268916,validation,VISION,1.275237188895473
15567485,validation,VISION,1.0266147826583725
15578167,validation,VISION,1.1344557113981055
15701237,validation,VISION,1.0888620594894272
15772862,validation,VISION,1.1056151444735312
15862207,validation,VISION,1.1561359339212982
15961049,validation,VISION,1.065979262181698
15966002,validation,VISION,1.2132211226894258
16045505,validation,VISION,1.2267902610588846
16176365,validation,VISION,1.0204897996292344
16387993,validation,VISION,1.032664976514055
16487729,validation,VISION,1.1883188271818417
16543130,validation,VISION,1.1403219705591636
16580846,validation,VISION,1.1364631418451447
16624584,validation,VISION,1.206631069519107
16765449,validation,VISION,1.1567663645079753
16765998,validation,VISION,1.0972480085932357
16971600,validation,VISION,1.2173334884951665
17089375,validation,VISION,1.1380798277608533
17139043,validation,VISION,1.110091321268871
17188904,validation,VISION,1.0901643670433443
17207899,validation,VISION,1.0196932870547446
17240169,validation,VISION,1.1016817727528843
17283203,validation,VISION,1.1433905963538167
17306235,validation,VISION,1.0347250759752173
17409251,validation,VISION,1.1850675170353735
17515901,validation,VISION,1.1002429008719476
18096410,validation,VISION,1.0718940468490796
18164628,validation,VISION,1.3082769665755214
18280753,validation,VISION,1.1464458369263115
18325789,validation,VISION,1.097740715979161
18374603,validation,VISION,1.1223737011305377
18396414,validation,VISION,1.0537738689111178
18406432,validation,VISION,1.0218675685773688
18786637,validation,VISION,1.0151908931791602
18797499,validation,VISION,1.2157466027355204
18823242,validation,VISION,1.0564313148476228
18958161,validation,VISION,1.1404106761973172
18985144,validation,VISION,0.9591184328924125
19015082,validation,VISION,1.1149936479118954
19320549,validation,VISION,1.2018662081791756
19320551,validation,VISION,1.0091312020017533
19327402,validation,VISION,1.1050453352256095
19349245,validation,VISION,1.1605265339255026
19429043,validation,VISION,1.0332403758338742
19480987,validation,VISION,1.152297733722486
19643122,validation,VISION,1.1776653957538283
19765554,validation,VISION,1.1053239175635619
19770059,validation,VISION,1.0038784410072337
19815082,validation,VISION,1.1094462399010978
20004181,validation,VISION,1.0585785027489056
20025980,validation,VISION,1.1675647648895164
20174662,validation,VISION,1.1209532850764101
20338249,validation,VISION,1.1496147713759828
20408201,validation,VISION,1.0988336379309145
20494338,validation,VISION,0.9977973754376395
20521860,validation,VISION,0.9478396380023625
20532166,validation,VISION,1.0431843925116462
20669164,validation,VISION,1.1150589812325387
20702500,validation,VISION,1.178092576376886
20720125,validation,VISION,1.0682877028184012
20880360,validation,VISION,1.1641696947394344
21045001,validation,VISION,1.1535566951759764
21111833,validation,VISION,1.0331949710580515
21112404,validation,VISION,1.0461111949505257
21289179,validation,VISION,1.112461811597357
21315749,validation,VISION,1.0373949277087398
21334443,validation,VISION,1.0927359383262207
21391269,validation,VISION,1.0437184204316563
21425399,validation,VISION,1.0767052604033716
21734108,validation,VISION,1.189636650404696
21750692,validation,VISION,1.0515703329853392
21942763,validation,VISION,0.9889935540491434
21945904,validation,VISION,1.1387147263572648
22056529,validation,VISION,1.1067193568120155
22274135,validation,VISION,1.1176941486707712
22330606,validation,VISION,1.1388589051214275
22398976,validation,VISION,1.1357177960752236
22414594,validation,VISION,1.0725778742415317
22427328,validation,VISION,1.1472077889030738
22490923,validation,VISION,1.0825660967982018
22525875,validation,VISION,1.1951770776399624
22587898,validation,VISION,1.1018949698330245
22661619,validation,VISION,1.044886097850577
22682158,validation,VISION,1.150743141880882
22723888,validation,VISION,1.1186077545953663
22728149,validation,VISION,1.0899773759462155
22875902,validation,VISION,1.0766817681957686
22905816,validation,VISION,1.0215054828683314
22972952,validation,VISION,1.2032503529744107
22999437,validation,VISION,1.1234591496514532
23019245,validation,VISION,1.0884240419619255
23039995,validation,VISION,1.21443694033868
23123045,validation,VISION,1.2021317540233
23146966,validation,VISION,1.0014099793885498
23172771,validation,VISION,1.2290265714770798
23175677,validation,VISION,1.1087666005518921
23342130,validation,VISION,0.9787524097390811
23382517,validation,VISION,1.041550287776169
23510581,validation,VISION,1.0787200139258921
23574583,validation,VISION,1.2292382319166435
23581683,validation,VISION,1.2337333776576986
23647559,validation,VISION,1.190442838150246
23678126,validation,VISION,1.1323698231999777
23691129,validation,VISION,1.0704916465839802
23761907,validation,VISION,1.1908490545139703
23768913,validation,VISION,0.9815648844509703
23771980,validation,VISION,1.153806322342323
23777758,validation,VISION,1.1901737048732084
23883107,validation,VISION,1.1384040257759778
23892109,validation,VISION,1.173259254734098
23936077,validation,VISION,1.1804568417803258
23984945,validation,VISION,1.085380735900652
24001005,validation,VISION,1.1345346262412024
24185024,validation,VISION,1.2054042393383197
24396006,validation,VISION,1.0608233628337405
24560914,validation,VISION,1.2002965549970896
24582919,validation,VISION,1.1506169954616892
24583253,validation,VISION,1.1191017896227697
24639401,validation,VISION,1.0745792226907245
24695697,validation,VISION,1.1915318900077185
24698429,validation,VISION,1.1280399820497848
24739875,validation,VISION,1.1135561720439444
24760733,validation,VISION,1.284616601317549
25120447,validation,VISION,1.150724439305836
25171805,validation,VISION,1.004607377978756
25218238,validation,VISION,1.130512083360791
25287513,validation,VISION,0.9651772820326731
25379434,validation,VISION,1.0846126361338155
25431556,validation,VISION,1.2914594981040008
25479816,validation,VISION,1.165736569804044
25714434,validation,VISION,1.1242251707338213
25837719,validation,VISION,1.085701960664899
25878274,validation,VISION,1.2042033410224209
26109666,validation,VISION,1.071323547049475
26154253,validation,VISION,1.0440015923413901
26187507,validation,VISION,1.2487573754973431
26207985,validation,VISION,1.0743689802687795
26302673,validation,VISION,1.0746087967215354
26553580,validation,VISION,1.2988350423497785
26743811,validation,VISION,1.0293104595729816
26826513,validation,VISION,1.1975909231859827
26909331,validation,VISION,1.070759893624782
27118087,validation,VISION,1.077217148153534
27130563,validation,VISION,1.0983587493604225
27298765,validation,VISION,1.059118190757416
27475965,validation,VISION,1.1004897757863983
27501391,validation,VISION,1.0450148544955864
27542799,validation,VISION,1.091569631710933
27585292,validation,VISION,1.243302941909929
27590722,validation,VISION,1.0940458631994512
27867436,validation,VISION,1.1293329471818787
27932965,validation,VISION,1.101440417036457
28028199,validation,VISION,1.1740791035776181
28100742,validation,VISION,1.0290466642703413
28130745,validation,VISION,1.1087945384336786
28150911,validation,VISION,1.1394803428861224
28152990,validation,VISION,1.0329764287328709
28286318,validation,VISION,1.0297379661810029
28328939,validation,VISION,1.1304481201577603
28495637,validation,VISION,1.210392430582445
28884209,validation,VISION,1.07412732799641
28978664,validation,VISION,1.0705087935265964
28993236,validation,VISION,0.9572255240581931
29048604,validation,VISION,1.0927148924130055
29073459,validation,VISION,1.0783716718978655
29275843,validation,VISION,1.0357616566609122
29375348,validation,VISION,1.1273868213785654
29477442,validation,VISION,1.1032710833076453
29782510,validation,VISION,1.0774444668599212
9354332,validation,RETRIEVAL,1.0943922655068616
9482951,validation,RETRIEVAL,1.1791858443791776
11554806,validation,RETRIEVAL,1.1279790982225397
11826070,validation,RETRIEVAL,1.1242328829808939
12208009,validation,RETRIEVAL,1.1697190956874268
12725759,validation,RETRIEVAL,1.2141776095061927
14690803,validation,RETRIEVAL,1.1404565707576395
14980573,validation,RETRIEVAL,1.1863415763592047
15110007,validation,RETRIEVAL,1.1161757991314767
15537676,validation,RETRIEVAL,1.1633042982676123
15607988,validation,RETRIEVAL,1.0581245670866328
15886022,validation,RETRIEVAL,1.1318547940545447
15987880,validation,RETRIEVAL,1.2108851357281707
17331743,validation,RETRIEVAL,1.052823859388372
17548160,validation,RETRIEVAL,1.1157699645758699
17652467,validation,RETRIEVAL,1.0588465283278075
18493621,validation,RETRIEVAL,1.1597652475832179
18599025,validation,RETRIEVAL,1.2607231742135299
20146616,validation,RETRIEVAL,1.1321869576530355
20815733,validation,RETRIEVAL,1.080144196727829
21146507,validation,RETRIEVAL,1.0854223644829808
21777596,validation,RETRIEVAL,1.05311658583794
22820298,validation,RETRIEVAL,1.0806609590589147
23369803,validation,RETRIEVAL,1.1447375804938267
24439000,validation,RETRIEVAL,1.2124102490774045
24523434,validation,RETRIEVAL,1.1818301616355362
25129841,validation,RETRIEVAL,1.0528135558817342
25797589,validation,RETRIEVAL,1.1830260243325021
27760177,validation,RETRIEVAL,1.029567000127705
27981671,validation,RETRIEVAL,1.2568929483692992
28050343,validation,RETRIEVAL,1.083991738321829
28420972,validation,RETRIEVAL,1.079463850632577
9389221,validation,COGNITION,1.0408463794067353
9894875,validation,COGNITION,1.0189569650729149
10677559,validation,COGNITION,1.123604486161203
11135651,validation,COGNITION,1.0575510657907428
11229981,validation,COGNITION,1.1258770065660617
12880796,validation,COGNITION,0.944483044023666
15054061,validation,COGNITION,1.0365167379818763
15476691,validation,COGNITION,1.0866296091694785
15691530,validation,COGNITION,1.0008557539857164
16023086,validation,COGNITION,1.0686185410087987
16024258,validation,COGNITION,1.0465280229872707
16126415,validation,COGNITION,0.9606717014671603
16513004,validation,COGNITION,1.0790217034578666
16763044,validation,COGNITION,1.1082985770964446
16766210,validation,COGNITION,0.9745604430517311
17350291,validation,COGNITION,0.9168489502345745
17409238,validation,COGNITION,1.0724918701743784
17719566,validation,COGNITION,1.0053039258740526
17825123,validation,COGNITION,1.0353311794012283
17916334,validation,COGNITION,1.084929705453206
18041737,validation,COGNITION,0.9592930764596969
18055928,validation,COGNITION,1.0273026833810752
18069004,validation,COGNITION,1.0348162072995217
18592043,validation,COGNITION,1.1112085416510038
18951983,validation,COGNITION,1.0187180417893735
19531112,validation,COGNITION,1.1983901298383206
19962789,validation,COGNITION,1.0756452007097304
20203206,validation,COGNITION,1.046035093807876
20336280,validation,COGNITION,0.9736838196732773
20647266,validation,COGNITION,0.9454362054712299
20655361,validation,COGNITION,1.037488877762053
20688176,validation,COGNITION,1.0858884093610015
20731964,validation,COGNITION,1.1259398561994385
20817487,validation,COGNITION,1.1332787748852644
20823246,validation,COGNITION,1.0254073476190821
20851193,validation,COGNITION,1.0558095077415102
21130172,validation,COGNITION,0.9448183120905912
21266462,validation,COGNITION,1.0551834208191293
21358707,validation,COGNITION,1.141863406418921
21376542,validation,COGNITION,0.9883654665652919
21391268,validation,COGNITION,1.0294906109585562
21435064,validation,COGNITION,1.0846503200193538
21451040,validation,COGNITION,1.0982259710096307
21459835,validation,COGNITION,1.0546245877527907
21563883,validation,COGNITION,1.0765354477406361
21590316,validation,COGNITION,1.0101581129433808
21762435,validation,COGNITION,1.0583265818877403
21831358,validation,COGNITION,1.0307508854124567
22041256,validation,COGNITION,1.0753924402150503
22270355,validation,COGNITION,1.0288271563451847
22306089,validation,COGNITION,1.1899242336333047
22386967,validation,COGNITION,1.0303423875910855
22484205,validation,COGNITION,1.0946535594005384
22510535,validation,COGNITION,1.0729273157173367
22563478,validation,COGNITION,1.0355907528757078
22660917,validation,COGNITION,1.1186499692437768
22664168,validation,COGNITION,1.1400009139853593
22698584,validation,COGNITION,1.087933611536522
22865697,validation,COGNITION,0.891378367570456
22868048,validation,COGNITION,1.1020762027279598
22887827,validation,COGNITION,1.060195195102648
22892351,validation,COGNITION,1.109638735637773
23077058,validation,COGNITION,1.0108531896170194
23149023,validation,COGNITION,1.099776884514907
23201633,validation,COGNITION,1.0832099437146565
23365257,validation,COGNITION,1.1412315136786486
23623456,validation,COGNITION,1.058816008305771
23711773,validation,COGNITION,1.1205350465206196
23731741,validation,COGNITION,1.1104536069203448
23954410,validation,COGNITION,1.0124191406564753
23955492,validation,COGNITION,0.9843671074816989
24027122,validation,COGNITION,1.050159676289519
24076099,validation,COGNITION,1.077895342645492
24123377,validation,COGNITION,1.0477080615996295
24205327,validation,COGNITION,1.0794077306180587
24381810,validation,COGNITION,1.0850726082062667
24651705,validation,COGNITION,0.9136130160966519
24667491,validation,COGNITION,1.0306177215113705
24842002,validation,COGNITION,1.090043181607765
25037922,validation,COGNITION,1.0978927646384347
25138697,validation,COGNITION,1.0439561059146227
25208740,validation,COGNITION,1.086156332608175
25416726,validation,COGNITION,1.0810162594054191
25498429,validation,COGNITION,1.1017514137020994
25731998,validation,COGNITION,1.0696385409355278
25936584,validation,COGNITION,1.137058055440348
25998539,validation,COGNITION,1.0874209860055075
26040546,validation,COGNITION,1.0138180842408917
26048179,validation,COGNITION,1.1370961324844608
26125119,validation,COGNITION,1.1388507652804025
26212416,validation,COGNITION,1.1243763740278976
26216985,validation,COGNITION,0.9156909167692168
26226432,validation,COGNITION,0.996292275101365
26232869,validation,COGNITION,1.0082212938757917
26311395,validation,COGNITION,1.1982259201378458
26363140,validation,COGNITION,1.1295580126918063
26388257,validation,COGNITION,1.0569346841444298
26441332,validation,COGNITION,1.0499489435188178
26450814,validation,COGNITION,1.091146771874575
26458514,validation,COGNITION,0.9916075476278339
26602610,validation,COGNITION,1.0515537736823324
26630882,validation,COGNITION,0.9923034749517305
26648855,validation,COGNITION,1.0192095515705317
26679925,validation,COGNITION,1.1172864059640153
26773435,validation,COGNITION,1.0476512928895474
26834594,validation,COGNITION,0.938455428237904
26836622,validation,COGNITION,1.1561343186876634
26974440,validation,COGNITION,1.1518356593505326
27012899,validation,COGNITION,1.1304336650247944
27033687,validation,COGNITION,1.1293063249920192
27159407,validation,COGNITION,1.1644341564773188
27288820,validation,COGNITION,0.9272456982150046
27330185,validation,COGNITION,1.0938638359837427
27454170,validation,COGNITION,1.0897444024431642
27535906,validation,COGNITION,1.1170404086807533
27656137,validation,COGNITION,1.1330373375718628
27720424,validation,COGNITION,0.9411365292303543
27755551,validation,COGNITION,1.1051224823453567
27798248,validation,COGNITION,0.9548984441356455
27806119,validation,COGNITION,1.0612654289069294
27807031,validation,COGNITION,1.0015797356717036
27843514,validation,COGNITION,1.0762878660555266
28057397,validation,COGNITION,1.0423707392826682
28070912,validation,COGNITION,0.9719913770213313
28169310,validation,COGNITION,1.0789028336392945
28199893,validation,COGNITION,1.1121797791886858
28285207,validation,COGNITION,1.0962336616138475
28528203,validation,COGNITION,1.0114388862888195
28697998,validation,COGNITION,1.0763289749434846
28827095,validation,COGNITION,1.1263057378340662
28992533,validation,COGNITION,1.0660904826359237
29117910,validation,COGNITION,1.076482574687181
29163096,validation,COGNITION,1.0676419423449504
29181816,validation,COGNITION,1.1267197444629637
29272294,validation,COGNITION,1.0209506921801175
29282834,validation,COGNITION,0.9188186038926334
29395916,validation,COGNITION,1.103369694849033
29410607,validation,COGNITION,1.0537380831326915
29454896,validation,COGNITION,1.0786975344453524
29734487,validation,COGNITION,1.1130378911979333
29765312,validation,COGNITION,1.1053400974506837
3298565,validation,EXECUTION,1.1790505162285885
7485619,validation,EXECUTION,1.0730670340142583
7811563,validation,EXECUTION,1.0610650550014327
7846080,validation,EXECUTION,1.1016402650165658
8784221,validation,EXECUTION,1.139028869940784
8864300,validation,EXECUTION,1.107915435874424
8989012,validation,EXECUTION,1.0903938019788997
9023428,validation,EXECUTION,1.1320042272817568
9023435,validation,EXECUTION,1.122466480257373
9038283,validation,EXECUTION,1.0939265126381599
9204934,validation,EXECUTION,1.140760991604341
9347486,validation,EXECUTION,1.0240019755427225
9391021,validation,EXECUTION,1.2369957194978811
9619195,validation,EXECUTION,1.1283030902913438
9699694,validation,EXECUTION,1.037391453593627
9858371,validation,EXECUTION,1.2349565972120613
9927550,validation,EXECUTION,1.0309893576173135
10473761,validation,EXECUTION,1.1730292850517323
10482257,validation,EXECUTION,1.122437468457571
10493901,validation,EXECUTION,1.1855026062391865
10493903,validation,EXECUTION,1.1911731956107123
10523407,validation,EXECUTION,1.1677898496254353
10554989,validation,EXECUTION,1.1448324831665309
10557338,validation,EXECUTION,1.0604161853905043
10634893,validation,EXECUTION,1.2163815582106086
10690992,validation,EXECUTION,1.1506571901938942
10729346,validation,EXECUTION,1.0962179800059806
10731771,validation,EXECUTION,1.1079635753074197
10899227,validation,EXECUTION,1.1157560713957106
10978708,validation,EXECUTION,1.0816599993412965
11004117,validation,EXECUTION,1.1071846484599868
11136929,validation,EXECUTION,1.1631339041064233
11157564,validation,EXECUTION,1.1296707668443213
11222456,validation,EXECUTION,1.0932894757829252
11394724,validation,EXECUTION,1.1109343859395748
11532889,validation,EXECUTION,1.0518952502390293
11673327,validation,EXECUTION,1.124130973578577
11681302,validation,EXECUTION,1.1401538603883228
11859197,validation,EXECUTION,1.078290397675727
12077202,validation,EXECUTION,1.1299811600029277
12106480,validation,EXECUTION,1.1241502889691024
12122033,validation,EXECUTION,1.1951839979058254
12399015,validation,EXECUTION,1.09836815184758
12414271,validation,EXECUTION,1.1047229879041722
12482091,validation,EXECUTION,1.2103527901125968
12507726,validation,EXECUTION,1.130376458573269
12589886,validation,EXECUTION,1.0732355780156453
12589891,validation,EXECUTION,1.201866308373213
12657890,validation,EXECUTION,1.1070744476831869
12809978,validation,EXECUTION,1.1793449917210357
12814580,validation,EXECUTION,1.137570706992639
12814589,validation,EXECUTION,1.0187841162128453
12880794,validation,EXECUTION,1.10215386255328
14527621,validation,EXECUTION,1.139435941283345
14615423,validation,EXECUTION,1.1674656648838637
14980562,validation,EXECUTION,1.1357443270659573
15050551,validation,EXECUTION,1.0844625075105179
15050601,validation,EXECUTION,1.1067171089474948
15091347,validation,EXECUTION,1.0983133330917876
15142955,validation,EXECUTION,1.1913664280499916
15182320,validation,EXECUTION,1.1687691066405863
15183385,validation,EXECUTION,1.1275979081567138
15193939,validation,EXECUTION,1.135139669324739
15196684,validation,EXECUTION,1.0795380101319394
15204327,validation,EXECUTION,1.1008513207800628
15246452,validation,EXECUTION,1.0083399007662315
15268921,validation,EXECUTION,1.1012458837456072
15325387,validation,EXECUTION,1.1020672430423761
15363399,validation,EXECUTION,1.037895117203742
15385595,validation,EXECUTION,1.1663796207389994
15456705,validation,EXECUTION,1.201012558770034
15548658,validation,EXECUTION,1.1441891214681688
15561477,validation,EXECUTION,1.081446096341187
15563726,validation,EXECUTION,1.1173832021385157
15588608,validation,EXECUTION,1.091577764297093
15588609,validation,EXECUTION,1.022438755528809
15589092,validation,EXECUTION,1.0759207845414651
15589103,validation,EXECUTION,1.1045700186049123
15607991,validation,EXECUTION,1.0741666158376555
15728295,validation,EXECUTION,1.1547233326445638
15728652,validation,EXECUTION,1.208127887616508
15769494,validation,EXECUTION,1.1558998763673658
15849712,validation,EXECUTION,1.1945959124728374
15862216,validation,EXECUTION,1.116199661377486
15862229,validation,EXECUTION,1.051367784304649
15866362,validation,EXECUTION,1.0489353417885747
15888606,validation,EXECUTION,1.1707675463926785
15907302,validation,EXECUTION,1.1877820506291432
15930376,validation,EXECUTION,1.1226448802498368
15950492,validation,EXECUTION,1.1678110353012532
16029213,validation,EXECUTION,1.16517728139883
16054840,validation,EXECUTION,1.1719696718302055
16085428,validation,EXECUTION,1.1863649707336332
16092132,validation,EXECUTION,1.0188079147458386
16246866,validation,EXECUTION,1.1368686998847188
16280594,validation,EXECUTION,1.1101669858021648
16289998,validation,EXECUTION,1.0448201631775749
16306323,validation,EXECUTION,1.2136317671724155
16321546,validation,EXECUTION,1.065587356713372
16338048,validation,EXECUTION,1.1030279939695065
16376861,validation,EXECUTION,1.0588103610900284
16399686,validation,EXECUTION,1.0645654334450945
16406257,validation,EXECUTION,1.1034741209440555
16407543,validation,EXECUTION,1.174489217967767
16466679,validation,EXECUTION,1.2008811124760266
16480694,validation,EXECUTION,1.0847516506044665
16520065,validation,EXECUTION,1.0521761632740863
16533501,validation,EXECUTION,1.1046730531847264
16553798,validation,EXECUTION,1.115789376465178
16648455,validation,EXECUTION,1.1177516894375705
16702192,validation,EXECUTION,1.1171608933676784
16723540,validation,EXECUTION,1.130496423075518
16762567,validation,EXECUTION,1.042976489661557
16798015,validation,EXECUTION,1.14201760008919
16813919,validation,EXECUTION,1.0245776373932562
16822984,validation,EXECUTION,1.123183110704494
16863693,validation,EXECUTION,1.1997875047087911
16863694,validation,EXECUTION,1.1853134664618081
16879844,validation,EXECUTION,1.0475143565570193
16901644,validation,EXECUTION,1.056723260550629
16928798,validation,EXECUTION,1.1639512110831225
16978883,validation,EXECUTION,1.1501555020643377
16979350,validation,EXECUTION,1.051406850227009
16997576,validation,EXECUTION,1.1515443517748871
17014871,validation,EXECUTION,1.0949298487477939
17056279,validation,EXECUTION,1.1497674263107651
17070072,validation,EXECUTION,1.0491529146703793
17080438,validation,EXECUTION,1.1690037584862865
17136453,validation,EXECUTION,1.0843932504799711
17229828,validation,EXECUTION,1.1646527364876695
17270466,validation,EXECUTION,1.051512530696959
17293356,validation,EXECUTION,1.063850452835642
17331220,validation,EXECUTION,1.1280129862987471
17412509,validation,EXECUTION,1.1455043263096572
17475292,validation,EXECUTION,1.126471921130361
17499169,validation,EXECUTION,1.1105992939555624
17499175,validation,EXECUTION,1.0764727352686758
17574746,validation,EXECUTION,1.0086864966308096
17652462,validation,EXECUTION,1.1558115055196658
17679639,validation,EXECUTION,1.0720932077859573
17855375,validation,EXECUTION,1.0253275207968238
17928451,validation,EXECUTION,1.116719567585989
17965128,validation,EXECUTION,1.164224180760034
18023825,validation,EXECUTION,1.1052589065509428
18041743,validation,EXECUTION,1.0744876801991396
18057110,validation,EXECUTION,1.109746772546878
18183378,validation,EXECUTION,1.1281303640984854
18207423,validation,EXECUTION,1.0602388549213755
18262208,validation,EXECUTION,1.0725456691161899
18266215,validation,EXECUTION,1.0481765110430066
18350284,validation,EXECUTION,1.0676463164352914
18384958,validation,EXECUTION,1.1261406970104373
18387582,validation,EXECUTION,1.0774433148068265
18400794,validation,EXECUTION,1.0502735795967635
18456379,validation,EXECUTION,1.0156269445015782
18486490,validation,EXECUTION,1.2344237460372993
18502045,validation,EXECUTION,1.0778481549674814
18514543,validation,EXECUTION,1.0499672845195926
18523591,validation,EXECUTION,1.0717069074134853
18534989,validation,EXECUTION,1.1167496446686143
18584891,validation,EXECUTION,1.1229320216175074
18586110,validation,EXECUTION,1.0757031904678638
18617009,validation,EXECUTION,1.1717744612138394
18644242,validation,EXECUTION,1.1121305460637705
18649351,validation,EXECUTION,1.1065748601792753
18765806,validation,EXECUTION,1.0758747662692034
18768725,validation,EXECUTION,1.0301533185601641
18819106,validation,EXECUTION,1.1500475127255894
18824236,validation,EXECUTION,1.1180352224912842
18854323,validation,EXECUTION,1.0944355101111476
18951984,validation,EXECUTION,1.1094265807303254
18976640,validation,EXECUTION,1.0680820783958536
19010424,validation,EXECUTION,1.1451263756065186
19018312,validation,EXECUTION,1.1703168091218528
19026496,validation,EXECUTION,1.0633697692546005
19027077,validation,EXECUTION,1.0904355413758893
19050764,validation,EXECUTION,1.0160151531621038
19059350,validation,EXECUTION,1.1281111281484546
19072894,validation,EXECUTION,1.224604595349896
19136548,validation,EXECUTION,1.1408924298370593
19139856,validation,EXECUTION,1.1725206206185947
19172633,validation,EXECUTION,1.040690528846577
19244454,validation,EXECUTION,1.0597382640285706
19250174,validation,EXECUTION,1.0408171069566048
19264142,validation,EXECUTION,1.0874396660193764
19321652,validation,EXECUTION,1.1238735139440146
19364522,validation,EXECUTION,1.0924624004076569
19375076,validation,EXECUTION,1.0851078914256165
19375510,validation,EXECUTION,1.069159480796655
19382897,validation,EXECUTION,1.087638867474917
19389870,validation,EXECUTION,1.1597898492017713
19428395,validation,EXECUTION,1.130847983656685
19428407,validation,EXECUTION,1.0559134742455842
19435709,validation,EXECUTION,1.1065781908804437
19442752,validation,EXECUTION,1.0527901907619404
19446442,validation,EXECUTION,1.0642259464991557
19539035,validation,EXECUTION,1.0120067658765943
19645968,validation,EXECUTION,1.1553688675008709
19818807,validation,EXECUTION,1.0526304736735568
19823988,validation,EXECUTION,1.1128093312064435
19852951,validation,EXECUTION,1.093053162685161
19925200,validation,EXECUTION,1.0898615936567764
19926451,validation,EXECUTION,1.012187582485723
19942229,validation,EXECUTION,1.0462035364649993
19948224,validation,EXECUTION,1.171998933199422
19962860,validation,EXECUTION,1.0463055846199765
20026225,validation,EXECUTION,1.116133332819654
20028366,validation,EXECUTION,1.0585319098386807
20032914,validation,EXECUTION,1.071768663985528
20034578,validation,EXECUTION,1.0716226754769522
20046395,validation,EXECUTION,1.0624129315055975
20082331,validation,EXECUTION,1.1934793314885255
20144945,validation,EXECUTION,1.0469547410724436
20203176,validation,EXECUTION,1.126801592012677
20302947,validation,EXECUTION,1.0505638427069124
20362682,validation,EXECUTION,1.1962108573872618
20374203,validation,EXECUTION,1.0770767757257214
20393055,validation,EXECUTION,1.0805473512450359
20465354,validation,EXECUTION,1.1161752813664954
20502995,validation,EXECUTION,1.0992220699772675
20533560,validation,EXECUTION,1.0820039726552253
20533562,validation,EXECUTION,1.1271609358421177
20569651,validation,EXECUTION,1.0159234000524133
20661957,validation,EXECUTION,1.0573351525076589
20691793,validation,EXECUTION,1.1037118218657465
20696217,validation,EXECUTION,1.0893189980474645
20725908,validation,EXECUTION,1.1466693359128495
20740649,validation,EXECUTION,1.1625365382119508
20828626,validation,EXECUTION,1.1641550093510904
20849856,validation,EXECUTION,1.0387341383441977
20863844,validation,EXECUTION,1.1056817260075062
20868630,validation,EXECUTION,1.0575446282472585
20881136,validation,EXECUTION,1.0657351605910588
20974266,validation,EXECUTION,1.0274187776151393
21035788,validation,EXECUTION,1.025432726037656
21094259,validation,EXECUTION,1.0397271530001568
21256582,validation,EXECUTION,1.0670043649387004
21259388,validation,EXECUTION,1.1506241944401217
21291959,validation,EXECUTION,1.108838727873944
21369855,validation,EXECUTION,1.1949579125744636
21375601,validation,EXECUTION,1.1800181489278874
21396457,validation,EXECUTION,1.1423312282035805
21397699,validation,EXECUTION,1.056982432349964
21467211,validation,EXECUTION,1.0399911547591556
21509492,validation,EXECUTION,1.049058326405259
21511443,validation,EXECUTION,1.0897751294375837
21520351,validation,EXECUTION,1.0708212241324937
21571078,validation,EXECUTION,1.0866829735365398
21590261,validation,EXECUTION,1.1144853576807214
21604301,validation,EXECUTION,1.1389811020130276
21621558,validation,EXECUTION,1.088999428533394
21640136,validation,EXECUTION,1.1589464869129191
21726650,validation,EXECUTION,1.0669810942636235
21741301,validation,EXECUTION,1.1887208332384578
21762881,validation,EXECUTION,1.0742663704634663
21782960,validation,EXECUTION,1.1031442090629016
21812564,validation,EXECUTION,1.0860475409016195
21826760,validation,EXECUTION,1.1707836252270127
21839174,validation,EXECUTION,1.1549761190352192
21840409,validation,EXECUTION,1.0683452632012107
21854971,validation,EXECUTION,1.0310743654350318
21862438,validation,EXECUTION,1.0370386725894116
21886614,validation,EXECUTION,1.0225022011517062
21906689,validation,EXECUTION,1.0853448703597486
21948955,validation,EXECUTION,1.1038769763138416
21983057,validation,EXECUTION,1.0397571489544706
21995700,validation,EXECUTION,1.0613929845366255
22001164,validation,EXECUTION,1.098518364921504
22020967,validation,EXECUTION,1.1247194968471002
22031874,validation,EXECUTION,1.0562802386246126
22036680,validation,EXECUTION,1.092377657691003
22044532,validation,EXECUTION,1.0433553684273937
22113948,validation,EXECUTION,1.105144201023818
22114078,validation,EXECUTION,1.039624894242076
22133748,validation,EXECUTION,1.075636095863713
22155327,validation,EXECUTION,1.1571512082524666
22155982,validation,EXECUTION,1.1306470402664475
22162145,validation,EXECUTION,1.0677097463130905
22172578,validation,EXECUTION,1.071482165505804
22212022,validation,EXECUTION,1.1310838323729357
22245354,validation,EXECUTION,1.0478779026144025
22285219,validation,EXECUTION,1.067919211485462
22345089,validation,EXECUTION,1.2333686534585633
22448838,validation,EXECUTION,1.1107133593748593
22451353,validation,EXECUTION,1.1446727852450993
22461323,validation,EXECUTION,1.040868013184044
22583859,validation,EXECUTION,1.0684624265485887
22586478,validation,EXECUTION,1.1007623728906077
22608155,validation,EXECUTION,1.167850390836676
22608157,validation,EXECUTION,1.0360768874363269
22610513,validation,EXECUTION,1.0459338099177986
22623669,validation,EXECUTION,1.185880815745833
22640392,validation,EXECUTION,1.0911184061902848
22674673,validation,EXECUTION,1.1211439847355058
22681696,validation,EXECUTION,1.1148014335135936
22742929,validation,EXECUTION,1.0297788675804995
22764247,validation,EXECUTION,1.138193708625353
22771856,validation,EXECUTION,1.1682257008120251
22776456,validation,EXECUTION,1.1004175706116788
22795455,validation,EXECUTION,1.0734059232614543
22796994,validation,EXECUTION,1.1081013076903843
22845758,validation,EXECUTION,1.131262594158856
22887480,validation,EXECUTION,1.0442564196881419
22902649,validation,EXECUTION,1.1012470140696056
22914649,validation,EXECUTION,1.1144697589456227
22918979,validation,EXECUTION,1.0900996574050885
22956675,validation,EXECUTION,1.0583780310756346
22969702,validation,EXECUTION,1.0224582723147961
22981562,validation,EXECUTION,1.0382453533116782
23008169,validation,EXECUTION,1.1046676299782368
23056400,validation,EXECUTION,1.0583769645383483
23070748,validation,EXECUTION,1.1830414504363331
23079572,validation,EXECUTION,1.0373190276153943
23108270,validation,EXECUTION,1.1656917642355966
23163420,validation,EXECUTION,1.0977496488184824
23220493,validation,EXECUTION,1.1546750486961626
23277109,validation,EXECUTION,1.098286114352075
23277112,validation,EXECUTION,1.1589465665207903
23285171,validation,EXECUTION,1.1344890558847631
23293596,validation,EXECUTION,1.067805688130185
23300958,validation,EXECUTION,1.0618829045865457
23319043,validation,EXECUTION,1.1370341744517563
23341872,validation,EXECUTION,1.0610693508389764
23375942,validation,EXECUTION,1.0975650308994382
23395849,validation,EXECUTION,1.1638972598120014
23414211,validation,EXECUTION,1.0631770354035077
23484034,validation,EXECUTION,1.0695007313582292
23507379,validation,EXECUTION,1.0120232922802606
23515795,validation,EXECUTION,1.1015599598727923
23523270,validation,EXECUTION,1.0680720793393308
23583742,validation,EXECUTION,1.0457599660512769
23637982,validation,EXECUTION,1.2100471221372922
23684882,validation,EXECUTION,1.114235569907638
23696841,validation,EXECUTION,1.0550574808491244
23718988,validation,EXECUTION,1.1012400047198563
23746539,validation,EXECUTION,1.0438926042992405
23756148,validation,EXECUTION,1.1709189924692676
23769719,validation,EXECUTION,1.0573735716302175
23778236,validation,EXECUTION,1.0772403149075507
23816374,validation,EXECUTION,1.0984293323515466
23839488,validation,EXECUTION,1.2108545039356713
23859642,validation,EXECUTION,1.0483508903948169
23869236,validation,EXECUTION,1.1159672889821464
23884812,validation,EXECUTION,1.1026259030523822
23913754,validation,EXECUTION,1.0716390482709333
23913849,validation,EXECUTION,1.1151857028331469
23968839,validation,EXECUTION,1.1331718162563782
23970857,validation,EXECUTION,1.0800558452616966
23977239,validation,EXECUTION,1.1003445670667462
23977268,validation,EXECUTION,1.061830438390228
24038968,validation,EXECUTION,1.0973034487731093
24040104,validation,EXECUTION,1.0994723829796977
24040262,validation,EXECUTION,1.08501584784238
24086664,validation,EXECUTION,1.0528023323536535
24099630,validation,EXECUTION,1.0231642999513653
24135773,validation,EXECUTION,1.148233753312902
24142148,validation,EXECUTION,1.069848400460606
24167610,validation,EXECUTION,1.1831106864519378
24188808,validation,EXECUTION,1.2036538207168859
24205088,validation,EXECUTION,1.0927149923021247
24348365,validation,EXECUTION,1.07358981083759
24366575,validation,EXECUTION,1.0380640710786138
24405185,validation,EXECUTION,1.030871218125353
24427269,validation,EXECUTION,1.0787633487538881
24447031,validation,EXECUTION,1.005931776938439
24451660,validation,EXECUTION,1.0949123070611588
24453170,validation,EXECUTION,1.1757140859883612
24501382,validation,EXECUTION,1.132792604696793
24513025,validation,EXECUTION,1.0870352313468792
24634831,validation,EXECUTION,1.0428009586692963
24650596,validation,EXECUTION,1.1350410369059338
24657780,validation,EXECUTION,1.0687817177726344
24677433,validation,EXECUTION,1.0256942114734169
24700413,validation,EXECUTION,1.1893762954697913
24709370,validation,EXECUTION,1.0494935216466446
24714661,validation,EXECUTION,1.1189650475216564
24718311,validation,EXECUTION,1.145671835518299
24786632,validation,EXECUTION,1.0654185159080056
24828639,validation,EXECUTION,1.0995001791883032
24969474,validation,EXECUTION,1.1044340376145465
24985056,validation,EXECUTION,1.029216146178331
24994972,validation,EXECUTION,1.0848409801166239
25067816,validation,EXECUTION,1.0815594508468356
25095723,validation,EXECUTION,1.1534004877359136
25137414,validation,EXECUTION,1.0271966217735158
25161897,validation,EXECUTION,1.1183657182908455
25173415,validation,EXECUTION,1.1050862276545286
25175536,validation,EXECUTION,1.1001979273541511
25251396,validation,EXECUTION,1.0533129746003203
25283342,validation,EXECUTION,1.0234656916213662
25339893,validation,EXECUTION,1.1709224661988367
25356830,validation,EXECUTION,1.01779984447817
25426046,validation,EXECUTION,0.9991931096967277
25436668,validation,EXECUTION,1.0531014084092147
25448375,validation,EXECUTION,1.0213855311761144
25448384,validation,EXECUTION,1.018508447862606
25458859,validation,EXECUTION,1.0528705146409998
25461711,validation,EXECUTION,1.1658472121067118
25462791,validation,EXECUTION,1.0631493479740692
25511522,validation,EXECUTION,1.185360584689651
25528225,validation,EXECUTION,1.1104598052149703
25553620,validation,EXECUTION,1.0770825670987059
25594281,validation,EXECUTION,1.0506886954475227
25601007,validation,EXECUTION,1.1024543895702017
25615565,validation,EXECUTION,1.0369363622268033
25716841,validation,EXECUTION,1.027716383673798
25741269,validation,EXECUTION,1.0582977231193802
25757996,validation,EXECUTION,1.1225958932122062
25771712,validation,EXECUTION,1.1191186744997388
25865600,validation,EXECUTION,1.1202670330885147
25894290,validation,EXECUTION,1.0278178094618748
25897648,validation,EXECUTION,1.16257310961217
25998541,validation,EXECUTION,1.1788366019007765
25999039,validation,EXECUTION,1.078702359891078
26000902,validation,EXECUTION,1.078068851112531
26031380,validation,EXECUTION,1.090522628831334
26036837,validation,EXECUTION,1.1243625359965037
26082707,validation,EXECUTION,1.214140693185914
26095091,validation,EXECUTION,1.083735407114782
26142270,validation,EXECUTION,1.0610139493380677
26154563,validation,EXECUTION,1.082894004322432
26176860,validation,EXECUTION,1.0439440166706089
26184459,validation,EXECUTION,1.0693957883568777
26213217,validation,EXECUTION,1.0588022305348552
26218102,validation,EXECUTION,1.0620907294673192
26270525,validation,EXECUTION,1.0455371681958914
26282855,validation,EXECUTION,1.1211495646178435
26336952,validation,EXECUTION,1.041074975153462
26343319,validation,EXECUTION,1.0873076724023734
26377462,validation,EXECUTION,1.060243278512673
26413476,validation,EXECUTION,1.0685905937476214
26441558,validation,EXECUTION,1.0666344974255095
26442464,validation,EXECUTION,1.1119936170964824
26454335,validation,EXECUTION,1.0585961522440737
26475784,validation,EXECUTION,1.0506700810812524
26538643,validation,EXECUTION,1.120065693410255
26549744,validation,EXECUTION,1.0165163632795697
26586819,validation,EXECUTION,1.1041886967373238
26596520,validation,EXECUTION,1.0487725848594285
26733841,validation,EXECUTION,1.1101494918116208
26743821,validation,EXECUTION,1.0909637534918986
26774426,validation,EXECUTION,1.0328785749835618
26792445,validation,EXECUTION,1.0639728553950591
26799679,validation,EXECUTION,1.1338691520190638
26807842,validation,EXECUTION,1.0945449351437837
26842842,validation,EXECUTION,1.06592371640014
26849713,validation,EXECUTION,1.12186143902761
26894279,validation,EXECUTION,1.1060476497512894
26937385,validation,EXECUTION,1.1027714958281516
26947429,validation,EXECUTION,1.122987935479502
26960945,validation,EXECUTION,1.016832970074164
26967589,validation,EXECUTION,1.0393930656308523
26986838,validation,EXECUTION,1.1731450170825892
27161331,validation,EXECUTION,1.0730487590074116
27223814,validation,EXECUTION,1.125423800678128
27230218,validation,EXECUTION,1.0355743837873823
27271710,validation,EXECUTION,1.0875397170514718
27297241,validation,EXECUTION,1.0499031336084554
27378028,validation,EXECUTION,1.1205357156598315
27378891,validation,EXECUTION,1.0638708837731685
27391390,validation,EXECUTION,1.0437457478546683
27453345,validation,EXECUTION,1.0264813572237435
27466043,validation,EXECUTION,1.13603796200764
27502049,validation,EXECUTION,1.0921716982164102
27591782,validation,EXECUTION,1.1644670933651429
27651064,validation,EXECUTION,1.0466606709040074
27730477,validation,EXECUTION,1.04135380468281
27730478,validation,EXECUTION,1.037317179868084
27734301,validation,EXECUTION,1.062382668890446
27761665,validation,EXECUTION,1.0533872082682354
27779372,validation,EXECUTION,1.0529652370165163
27811962,validation,EXECUTION,1.0897436900589001
27845228,validation,EXECUTION,1.1219928042229195
27847305,validation,EXECUTION,1.0315761993693153
27881788,validation,EXECUTION,1.0765947337477948
27911020,validation,EXECUTION,1.1484717778105544
27992505,validation,EXECUTION,1.0769944180779407
27992792,validation,EXECUTION,1.0615954342557719
28143464,validation,EXECUTION,1.066170708950026
28150320,validation,EXECUTION,1.022686520932712
28169393,validation,EXECUTION,1.0399776058687482
28184419,validation,EXECUTION,1.1150537832336003
28220070,validation,EXECUTION,1.1595960631968956
28342214,validation,EXECUTION,1.0618838997723596
28391032,validation,EXECUTION,1.0399312617623666
28428213,validation,EXECUTION,1.0137094047319548
28430885,validation,EXECUTION,1.0424399710117558
28457975,validation,EXECUTION,1.013612242777673
28459416,validation,EXECUTION,1.0358626074678237
28476336,validation,EXECUTION,1.0697933588254345
28491026,validation,EXECUTION,1.0416082804233435
28503804,validation,EXECUTION,1.1580261370901068
28567010,validation,EXECUTION,1.15399525132632
28603856,validation,EXECUTION,1.0938120996628826
28682013,validation,EXECUTION,1.022507668046615
28731517,validation,EXECUTION,1.143419031253776
28734059,validation,EXECUTION,1.064804300043415
28759567,validation,EXECUTION,1.0656156753161
28861843,validation,EXECUTION,1.1210458225030135
28919535,validation,EXECUTION,1.0840259977528335
28939415,validation,EXECUTION,1.140330943687524
28970788,validation,EXECUTION,1.1190651279413784
29097704,validation,EXECUTION,1.0519342836777252
29104537,validation,EXECUTION,1.1095721178944715
29111478,validation,EXECUTION,1.0520654368018907
29247748,validation,EXECUTION,1.0509194334504268
29266498,validation,EXECUTION,1.1389707659253658
29277406,validation,EXECUTION,1.0433778552267015
29322583,validation,EXECUTION,1.1365123205423497
29364891,validation,EXECUTION,1.121628032918361
29387003,validation,EXECUTION,1.2468733812502333
29452265,validation,EXECUTION,1.056638379187566
29483284,validation,EXECUTION,1.1055889880417773
29636070,validation,EXECUTION,1.0772850718835976
29671156,validation,EXECUTION,1.2066495520019265
29736883,validation,EXECUTION,1.1074761253350043
29908313,validation,EXECUTION,1.0155858390554247
10875899,validation,REWARD,1.2039534969327033
12718865,validation,REWARD,1.1099222247235567
12967923,validation,REWARD,1.1184556129451262
14741108,validation,REWARD,1.283328214279639
15006669,validation,REWARD,1.10102617776126
15190354,validation,REWARD,1.1350434144211126
15886023,validation,REWARD,1.1335605142589338
16043132,validation,REWARD,1.1561231534911502
17202232,validation,REWARD,1.1196596619707864
17265148,validation,REWARD,1.0571298175269415
17588241,validation,REWARD,1.1400138770458346
18537114,validation,REWARD,1.1308123087311721
18588988,validation,REWARD,1.1052324585063684
18752410,validation,REWARD,1.1871308977984785
18761038,validation,REWARD,1.0926443134674224
18820290,validation,REWARD,1.115925227448865
19111160,validation,REWARD,1.0445312617304765
19217383,validation,REWARD,1.1068926779085997
19949389,validation,REWARD,1.1266074942607767
19961938,validation,REWARD,1.0734259803091697
20006717,validation,REWARD,1.058556921745953
20720534,validation,REWARD,1.0057120898973277
20725915,validation,REWARD,1.1805427415943373
20920491,validation,REWARD,1.1462514738224043
21067898,validation,REWARD,1.1278101758179695
21163276,validation,REWARD,1.2706272904858675
21177048,validation,REWARD,1.07004725330827
21316465,validation,REWARD,1.24258125898808
21482548,validation,REWARD,1.1864770336234032
21817091,validation,REWARD,1.1540243677559745
21917799,validation,REWARD,1.129042035859881
22206963,validation,REWARD,1.0169366612198285
22383803,validation,REWARD,1.177771139967873
22414616,validation,REWARD,1.1296068149706942
22539845,validation,REWARD,1.1210305048583145
22553030,validation,REWARD,1.1197287043571675
22560503,validation,REWARD,1.1391448002984033
22576749,validation,REWARD,1.0651421662201663
22717205,validation,REWARD,1.097758813900621
22885291,validation,REWARD,1.0785110572092895
23246992,validation,REWARD,0.976270473457549
23781195,validation,REWARD,1.136903367137255
24453318,validation,REWARD,1.1089716374526828
24475262,validation,REWARD,1.224260900504152
24513024,validation,REWARD,1.1750245751422272
24573279,validation,REWARD,1.129455237938242
24683066,validation,REWARD,1.0234369392698064
24693962,validation,REWARD,1.0711497253660542
24796219,validation,REWARD,1.1634460083406137
25131690,validation,REWARD,1.0499425573086627
25600482,validation,REWARD,1.1615292593568736
25793883,validation,REWARD,1.1541738340521126
25875594,validation,REWARD,1.1176973756449202
25995480,validation,REWARD,1.2024310666308824
26047332,validation,REWARD,0.9899404668723913
26058801,validation,REWARD,1.1335003666561605
26393430,validation,REWARD,1.224572644411935
26673945,validation,REWARD,1.125524842448807
26690805,validation,REWARD,1.0223412686513746
26732520,validation,REWARD,1.108269390558256
26769333,validation,REWARD,1.2353788758225193
26771250,validation,REWARD,1.0852512913908123
26878032,validation,REWARD,1.0965087706782444
26892860,validation,REWARD,1.1129712664705047
27090501,validation,REWARD,1.059617619990219
27093074,validation,REWARD,1.0640396031400194
27351781,validation,REWARD,1.0038242777056032
28480993,validation,REWARD,1.0684874141856453
28504364,validation,REWARD,1.0964832522106478
28917135,validation,REWARD,1.066686715115222
9427367,validation,LANGUAGE,1.1803856255407505
10808134,validation,LANGUAGE,1.1504520062793562
11133789,validation,LANGUAGE,1.26011954739848
11163369,validation,LANGUAGE,1.1040551259433466
16540351,validation,LANGUAGE,1.3548123226474746
16817882,validation,LANGUAGE,1.1345894215495007
17363281,validation,LANGUAGE,1.1266153116130424
17607327,validation,LANGUAGE,1.1168731478939695
18234075,validation,LANGUAGE,1.1228714296789395
19560134,validation,LANGUAGE,1.0551583598307164
19592570,validation,LANGUAGE,1.189941549844483
19661175,validation,LANGUAGE,1.0777754612270425
20063360,validation,LANGUAGE,1.3798379953624433
20156575,validation,LANGUAGE,1.1803384195736435
20493891,validation,LANGUAGE,1.2853734036486646
20553895,validation,LANGUAGE,1.1786573028377247
20644633,validation,LANGUAGE,1.2868153150372568
21315158,validation,LANGUAGE,1.1908483930297684
21812560,validation,LANGUAGE,1.2106814486226358
22828162,validation,LANGUAGE,1.0726978654031647
23660030,validation,LANGUAGE,1.1179189909133689
24681401,validation,LANGUAGE,1.2667382982497384
25873853,validation,LANGUAGE,1.160849170893663
26519093,validation,LANGUAGE,1.0773633353170822
27455078,validation,LANGUAGE,1.0933923217885797
27559169,validation,LANGUAGE,1.2275664398506418
28130005,validation,LANGUAGE,1.1502873889513376
28738288,validation,LANGUAGE,1.136700551996008
29682814,validation,LANGUAGE,1.1631068950907713
11431234,validation,MEMORY,1.0109088017187913
15954139,validation,MEMORY,1.1717993640658064
16434125,validation,MEMORY,1.1380955160905042
16672290,validation,MEMORY,1.0539994838441527
16959393,validation,MEMORY,1.0858000725396548
18165283,validation,MEMORY,1.1233888119469726
19442751,validation,MEMORY,1.1386402132338214
19539034,validation,MEMORY,1.207519871863838
19716631,validation,MEMORY,1.168823923960321
20810889,validation,MEMORY,1.10045135083443
21812566,validation,MEMORY,1.0586744993971935
22116037,validation,MEMORY,1.1010384220033687
22177602,validation,MEMORY,1.2163726583289016
23028774,validation,MEMORY,1.1108554354519646
23624491,validation,MEMORY,1.0856802199508389
23964193,validation,MEMORY,1.1691223328109739
24282397,validation,MEMORY,1.101496383805896
25338633,validation,MEMORY,1.1997413847253402
25496782,validation,MEMORY,1.1295760731826174
25527996,validation,MEMORY,1.1482858625721521
26233321,validation,MEMORY,1.1075182579751497
27392071,validation,MEMORY,1.1908783758115615
27810271,validation,MEMORY,1.1688865669797637
28179164,validation,MEMORY,1.1402721958934348
28940855,validation,MEMORY,1.1865419310700362
29064341,validation,MEMORY,0.9912341963271064
9858384,validation,EPISODIC_MEMORY,1.2108399901515252
9867232,validation,EPISODIC_MEMORY,1.1297884042852788
15013829,validation,EPISODIC_MEMORY,1.1193498213748276
16275140,validation,EPISODIC_MEMORY,1.1561091111884962
17583988,validation,EPISODIC_MEMORY,1.2152692382058023
18489966,validation,EPISODIC_MEMORY,1.2879672657038759
19707568,validation,EPISODIC_MEMORY,1.1560869112430576
20357121,validation,EPISODIC_MEMORY,1.1787502090008661
21613490,validation,EPISODIC_MEMORY,1.164288057301034
22614246,validation,EPISODIC_MEMORY,1.1228523865677553
23536015,validation,EPISODIC_MEMORY,1.1794806028596192
26106572,validation,EPISODIC_MEMORY,1.2150085587550064
27119345,validation,EPISODIC_MEMORY,1.214183947628139
27217112,validation,EPISODIC_MEMORY,1.1918855649558424
29861041,validation,EPISODIC_MEMORY,1.0952163063070137
12040063,validation,DECISION_MAKING,1.1445460103025107
15588617,validation,DECISION_MAKING,1.2945999043560255
16971900,validation,DECISION_MAKING,1.2144497695036662
20231475,validation,DECISION_MAKING,1.2710225801031996
21471389,validation,DECISION_MAKING,1.2343107856969338
22131418,validation,DECISION_MAKING,1.1815805216025133
22675289,validation,DECISION_MAKING,1.1579776351752287
23666554,validation,DECISION_MAKING,1.0125644171440538
23933447,validation,DECISION_MAKING,1.217037127267552
24781953,validation,DECISION_MAKING,1.137620438628878
24904991,validation,DECISION_MAKING,1.1246060774878532
24914005,validation,DECISION_MAKING,1.0961351914172779
25035299,validation,DECISION_MAKING,1.0762092119486297
25141922,validation,DECISION_MAKING,1.0763064673156693
25368558,validation,DECISION_MAKING,1.2982642082740055
25471581,validation,DECISION_MAKING,1.265981920213185
25577954,validation,DECISION_MAKING,0.8992060969565859
26113614,validation,DECISION_MAKING,1.1414120301733417
26454838,validation,DECISION_MAKING,1.2706092451713544
26803060,validation,DECISION_MAKING,1.1245671652206843
27107157,validation,DECISION_MAKING,1.0288140970156299
27345375,validation,DECISION_MAKING,1.3496694650039096
28029198,validation,DECISION_MAKING,1.2326044448505358
7708745,validation,WORD,1.1567828653128107
8606767,validation,WORD,1.1285608059394212
9918737,validation,WORD,1.1592016854246223
10545400,validation,WORD,1.1745900595105365
10771412,validation,WORD,1.2259894952080408
11230098,validation,WORD,1.3328524834629067
11247649,validation,WORD,1.3276600231515632
11305893,validation,WORD,1.0568557791582183
11463481,validation,WORD,1.164832218645481
11535686,validation,WORD,1.088164537326615
11595262,validation,WORD,1.1385401049650803
12194878,validation,WORD,1.3051234739977458
12466452,validation,WORD,1.1508208600278782
12729490,validation,WORD,1.1968249767209456
14700729,validation,WORD,1.106290539021164
15006649,validation,WORD,1.183313775223572
15050593,validation,WORD,1.2646333628736826
15200701,validation,WORD,1.2016748776322856
15619544,validation,WORD,1.1996338418595212
15722213,validation,WORD,1.1706463347363847
15846769,validation,WORD,1.1837394946378834
15975942,validation,WORD,1.2393703939305123
16027011,validation,WORD,1.202732365259728
16111898,validation,WORD,1.1434159528800885
16574079,validation,WORD,1.1197877492267125
17287508,validation,WORD,1.2114810235748674
17531309,validation,WORD,1.2692628280181761
17552934,validation,WORD,1.2354931729334202
18088583,validation,WORD,1.0635406249743495
18272399,validation,WORD,1.2548674135280589
18330872,validation,WORD,1.2567361049452839
18582580,validation,WORD,1.208321394295694
18804123,validation,WORD,1.21807284749566
18829095,validation,WORD,1.212180780844323
19076386,validation,WORD,1.3314222617689182
19076387,validation,WORD,1.1601674522251237
19166946,validation,WORD,1.1969365719785714
19478033,validation,WORD,1.3632808649535255
19559802,validation,WORD,1.180984190590214
19591947,validation,WORD,1.1931015633460695
19920057,validation,WORD,1.1865748426244003
20053347,validation,WORD,1.204054638144935
20108369,validation,WORD,1.066419205765741
20345597,validation,WORD,1.1183797326435094
20626458,validation,WORD,1.21840484380401
20884355,validation,WORD,1.216449784086716
21215442,validation,WORD,1.140522285480055
21256232,validation,WORD,1.1617528691170507
21690259,validation,WORD,1.1894617722328413
21812571,validation,WORD,1.2387123883367788
21835246,validation,WORD,1.1314804439981823
22024505,validation,WORD,1.1521237367866568
22143093,validation,WORD,1.1647011797551203
22196742,validation,WORD,1.320238978726023
22308323,validation,WORD,1.2098292607014023
22458561,validation,WORD,1.0190597461092443
22658819,validation,WORD,1.0882126135631351
23454619,validation,WORD,1.2296595055835353
23542499,validation,WORD,1.1928071402847855
23625045,validation,WORD,1.2390696744133136
23670980,validation,WORD,1.3560684200542534
23796527,validation,WORD,1.1746397099951769
23888133,validation,WORD,1.2100849515425938
23962957,validation,WORD,1.1461211265029958
24052613,validation,WORD,1.2074262712383024
24246693,validation,WORD,1.2467563780332453
24391871,validation,WORD,1.216054532057216
24715859,validation,WORD,1.231135206942434
24907249,validation,WORD,1.1846960477640684
25071509,validation,WORD,1.174235731976706
25339747,validation,WORD,1.2322299554562037
25461705,validation,WORD,1.2171092456073174
25585276,validation,WORD,1.1577339965543745
25603024,validation,WORD,1.3135886127716656
25658632,validation,WORD,1.1963721054503644
25911582,validation,WORD,1.0887803663208646
25940099,validation,WORD,1.2998731184850174
26143622,validation,WORD,1.1279824466819635
26188258,validation,WORD,1.1964804005702583
26931814,validation,WORD,1.2100393447596458
27039141,validation,WORD,1.0942050006153061
27365297,validation,WORD,1.3310514623611063
27592331,validation,WORD,1.2304237287871618
28066206,validation,WORD,1.1100123402506008
28476573,validation,WORD,1.168002756130388
28690506,validation,WORD,1.290614283506107
29058358,validation,WORD,1.0603689750181375
29371094,validation,WORD,1.2180325226602609
16516499,validation,REST,1.2550302359919514
17113951,validation,REST,1.2961124191985633
21452936,validation,REST,1.2538184223659559
24148273,validation,REST,1.3433771759007664
26499258,validation,REST,1.2166506135911577
28647831,validation,REST,1.2923772965224507
29527483,validation,REST,1.3256011526581482
29995291,validation,REST,1.2754934798653605
9990104,validation,ENCODING,1.2735152080207168
10769313,validation,ENCODING,1.2245638628694049
12183389,validation,ENCODING,1.380495242992144
15078568,validation,ENCODING,1.3392890286877392
16169136,validation,ENCODING,1.1815940558087044
16698125,validation,ENCODING,1.1268774657570222
16899645,validation,ENCODING,1.2617087471047341
17499318,validation,ENCODING,1.3635695442738969
18023505,validation,ENCODING,1.260343298331835
19295153,validation,ENCODING,1.5069877917987584
19413478,validation,ENCODING,1.2783961592092707
19505443,validation,ENCODING,1.2840895885679031
19702458,validation,ENCODING,1.2463434751746467
19720072,validation,ENCODING,1.2179783754722835
19948227,validation,ENCODING,1.3322256597558721
20226767,validation,ENCODING,1.2766027830574076
21048124,validation,ENCODING,1.36633038845166
21736454,validation,ENCODING,1.22475259514385
21907293,validation,ENCODING,1.2291573246478174
22347857,validation,ENCODING,1.3563692730997423
22901696,validation,ENCODING,1.1192713001296124
22996310,validation,ENCODING,1.321205015272359
23266012,validation,ENCODING,1.2906226435520731
23938766,validation,ENCODING,1.198986972260246
23994453,validation,ENCODING,1.2695836833387786
24501360,validation,ENCODING,1.3015007462660693
25583615,validation,ENCODING,1.2786988197252096
25988228,validation,ENCODING,1.265295538111144
27155127,validation,ENCODING,1.3667398503624966
27685784,validation,ENCODING,1.1711648796107512
30029026,validation,ENCODING,1.2705830136217067
11239713,validation,MOVEMENT,1.1546784075024308
11587904,validation,MOVEMENT,1.0960315939326335
12165380,validation,MOVEMENT,0.9780387206058426
14568456,validation,MOVEMENT,1.2135222526133607
15513939,validation,MOVEMENT,1.2509913053816417
15629489,validation,MOVEMENT,1.1451991902610124
19187481,validation,MOVEMENT,1.0788230239559153
20647004,validation,MOVEMENT,1.1345775042805732
20974158,validation,MOVEMENT,1.0921477146379586
21640191,validation,MOVEMENT,1.167700684966241
22018942,validation,MOVEMENT,0.9636124265929491
22460056,validation,MOVEMENT,1.0720848780252528
22634219,validation,MOVEMENT,1.1603601512071773
23125826,validation,MOVEMENT,1.1996860355142274
23653602,validation,MOVEMENT,1.13667326390952
23674498,validation,MOVEMENT,1.130399753733434
23899724,validation,MOVEMENT,1.0275418145464903
24199669,validation,MOVEMENT,1.01412605935768
24591602,validation,MOVEMENT,1.0391260236653792
24947462,validation,MOVEMENT,1.1232923835448434
25184505,validation,MOVEMENT,1.1315519406675718
25560665,validation,MOVEMENT,0.9938362474591526
25640318,validation,MOVEMENT,1.234045730807303
26106552,validation,MOVEMENT,1.2063432607459126
26621010,validation,MOVEMENT,1.1476038456051985
26969310,validation,MOVEMENT,1.0737865110072986
27138531,validation,MOVEMENT,1.2405777406438252
27746727,validation,MOVEMENT,1.1641433786967756
28077714,validation,MOVEMENT,1.1848329286792638
28620239,validation,MOVEMENT,1.0470983844031654
28634439,validation,MOVEMENT,0.9875121398229723
28844071,validation,MOVEMENT,1.0442777686471725
1410086,validation,AROUSAL,1.0452723540505846
12459213,validation,AROUSAL,1.055177993430958
15115748,validation,AROUSAL,1.1796163483386
16139525,validation,AROUSAL,0.9736362895454189
16959497,validation,AROUSAL,1.0783890139758134
17678634,validation,AROUSAL,1.0388694187017364
17916330,validation,AROUSAL,0.9005965256216205
19071223,validation,AROUSAL,1.0955877074191631
19588145,validation,AROUSAL,1.0777321276511833
20010552,validation,AROUSAL,1.1759622143713975
20034615,validation,AROUSAL,1.106289433599308
20451622,validation,AROUSAL,0.9862872550016452
20603217,validation,AROUSAL,1.0316873921124452
21045002,validation,AROUSAL,1.0109774670200689
21320250,validation,AROUSAL,1.1011196108387251
21418787,validation,AROUSAL,1.0727091175370216
21497403,validation,AROUSAL,1.0821850446095251
21676597,validation,AROUSAL,1.0459882946022536
21704716,validation,AROUSAL,1.0428678023612201
21796109,validation,AROUSAL,1.0823813603791923
22036801,validation,AROUSAL,1.1002651882660464
22178355,validation,AROUSAL,0.998180041470479
22393420,validation,AROUSAL,1.0146102473128074
22418013,validation,AROUSAL,0.9673718781174413
22548898,validation,AROUSAL,1.1801804093262032
22574861,validation,AROUSAL,1.0219503460011774
22747189,validation,AROUSAL,1.0547969521343208
22841755,validation,AROUSAL,1.102575751786646
22913365,validation,AROUSAL,1.081982880388035
22939991,validation,AROUSAL,1.1722461603204046
22958950,validation,AROUSAL,1.071520731903002
23017544,validation,AROUSAL,1.0870748052582286
23189175,validation,AROUSAL,1.0406640025412515
23312561,validation,AROUSAL,1.0595541810189728
24223847,validation,AROUSAL,1.1999058220046488
24342420,validation,AROUSAL,1.0335543043886817
24391573,validation,AROUSAL,1.027425945758616
24454814,validation,AROUSAL,1.0223401267508763
24581548,validation,AROUSAL,1.0764775848637063
24667541,validation,AROUSAL,1.0497895212281876
24760847,validation,AROUSAL,1.155379921999162
25009169,validation,AROUSAL,1.0546253429160126
25095790,validation,AROUSAL,0.9951470004645088
25206327,validation,AROUSAL,1.0507592245672153
25218095,validation,AROUSAL,1.1152137657906698
25448081,validation,AROUSAL,1.0847513657171501
25459293,validation,AROUSAL,1.0964240187103806
25462395,validation,AROUSAL,1.0720623042911148
25529800,validation,AROUSAL,1.032472662062443
25550068,validation,AROUSAL,0.9287617535030274
25576647,validation,AROUSAL,1.1448251241989729
25869157,validation,AROUSAL,1.1532001133253216
25937240,validation,AROUSAL,0.9576942066096004
25950427,validation,AROUSAL,1.0758370386414637
26065376,validation,AROUSAL,1.1050717061664401
26067825,validation,AROUSAL,1.1447729127245094
26072251,validation,AROUSAL,0.9818661598929216
26145769,validation,AROUSAL,1.0567487658858727
26382106,validation,AROUSAL,1.0436516757971048
26395812,validation,AROUSAL,1.1042773064993494
26454185,validation,AROUSAL,1.0591007360340476
26771165,validation,AROUSAL,0.9731879825877051
26797854,validation,AROUSAL,1.046565979475098
26833917,validation,AROUSAL,0.9577123521681141
27358453,validation,AROUSAL,1.0464947907314142
27400738,validation,AROUSAL,0.9341340325700851
27419380,validation,AROUSAL,1.0666596577581287
27425430,validation,AROUSAL,1.0419074082383286
27442458,validation,AROUSAL,1.1869071305356216
27557798,validation,AROUSAL,1.0697925626744613
27614896,validation,AROUSAL,1.1430171461209828
27654662,validation,AROUSAL,1.0926019680274746
27743373,validation,AROUSAL,1.0622270515263825
27815773,validation,AROUSAL,1.0982272955535737
27866012,validation,AROUSAL,1.1100052586551963
28042871,validation,AROUSAL,1.2078984596342908
28126471,validation,AROUSAL,1.0877522029815903
28261068,validation,AROUSAL,1.105595883770064
28399434,validation,AROUSAL,1.114906218404221
28612373,validation,AROUSAL,1.066185780067701
28674759,validation,AROUSAL,1.068183210349787
28711810,validation,AROUSAL,1.0265764422411745
28851601,validation,AROUSAL,1.1056487033639542
28912702,validation,AROUSAL,1.0623357826103674
29249930,validation,AROUSAL,1.0782121195622236
29337278,validation,AROUSAL,1.1541236740698217
29696725,validation,AROUSAL,1.0060609980793662
25100220,validation,LOSS,
7569934,validation,MANIPULATION,1.153310568221524
7922456,validation,MANIPULATION,1.203869870357513
7953589,validation,MANIPULATION,1.2005186254362887
8038933,validation,MANIPULATION,1.1084707237392974
8551361,validation,MANIPULATION,1.207594671539595
8624678,validation,MANIPULATION,1.2325169353062067
8931582,validation,MANIPULATION,1.094102790586612
9038284,validation,MANIPULATION,1.1407630691688158
9114262,validation,MANIPULATION,1.0446114291500614
9223090,validation,MANIPULATION,1.1310438736670474
9345552,validation,MANIPULATION,1.210320698068402
9427311,validation,MANIPULATION,1.069504951057775
9491989,validation,MANIPULATION,1.2233052066891414
9510380,validation,MANIPULATION,1.2472686981827434
9529941,validation,MANIPULATION,1.141539763645656
9571103,validation,MANIPULATION,1.231036999868272
9636217,validation,MANIPULATION,1.2222517031816587
9787003,validation,MANIPULATION,1.2703353207576011
9808463,validation,MANIPULATION,1.2373215347584665
9821359,validation,MANIPULATION,1.0708868344004232
9863701,validation,MANIPULATION,1.252393549794726
10051756,validation,MANIPULATION,1.0770900712312235
10075897,validation,MANIPULATION,1.2168771624290577
10195114,validation,MANIPULATION,1.0831554093490563
10195173,validation,MANIPULATION,1.1942024637755944
10215087,validation,MANIPULATION,1.1688122287584175
10230795,validation,MANIPULATION,1.2024794604757814
10336657,validation,MANIPULATION,1.2571264381353744
10385583,validation,MANIPULATION,1.1188652582299004
10522888,validation,MANIPULATION,1.1504142996235371
10561425,validation,MANIPULATION,1.1928767101605882
10617288,validation,MANIPULATION,1.1456782121242
10641577,validation,MANIPULATION,0.9884647773516895
10666552,validation,MANIPULATION,1.0676955800195873
10679187,validation,MANIPULATION,1.2003469742815842
10680766,validation,MANIPULATION,1.1555778045692238
10683855,validation,MANIPULATION,1.1458840981896306
10700262,validation,MANIPULATION,1.301748051277277
10700263,validation,MANIPULATION,1.1573377101479692
10717412,validation,MANIPULATION,1.1828438893481066
10847597,validation,MANIPULATION,1.0827715174401542
10982748,validation,MANIPULATION,1.073678819129019
10988032,validation,MANIPULATION,1.1339684388663545
11029640,validation,MANIPULATION,1.056635338732944
11061337,validation,MANIPULATION,1.187138809123478
11087002,validation,MANIPULATION,1.1319492052466293
11113035,validation,MANIPULATION,1.2290100577051812
11113037,validation,MANIPULATION,1.2243459962572625
11133321,validation,MANIPULATION,1.1075762387054522
11162278,validation,MANIPULATION,1.111811893794462
11169875,validation,MANIPULATION,1.1171119314405182
11170809,validation,MANIPULATION,1.0918564623883846
11192634,validation,MANIPULATION,1.0980944890950648
11224550,validation,MANIPULATION,1.219797906509184
11240114,validation,MANIPULATION,1.2286021925417685
11285015,validation,MANIPULATION,1.2062325119918225
11287133,validation,MANIPULATION,1.1121796639746337
11304076,validation,MANIPULATION,1.1713892632656233
11304083,validation,MANIPULATION,1.1816181549051374
11305889,validation,MANIPULATION,1.2846709896971065
11322979,validation,MANIPULATION,1.22834812268358
11328359,validation,MANIPULATION,1.05323610560893
11506547,validation,MANIPULATION,1.223266224530111
11506655,validation,MANIPULATION,1.2398394098651286
11516443,validation,MANIPULATION,1.2426866963109011
11525339,validation,MANIPULATION,1.304073168931846
11707097,validation,MANIPULATION,1.071820099812677
11834598,validation,MANIPULATION,1.1883038888582138
11839364,validation,MANIPULATION,1.0819778684547585
11848697,validation,MANIPULATION,1.1493549817833502
11884351,validation,MANIPULATION,1.2296229467137842
11906238,validation,MANIPULATION,1.1704984117149855
11923436,validation,MANIPULATION,1.2347068694630203
11960899,validation,MANIPULATION,1.0901748772001258
12202084,validation,MANIPULATION,1.2257875614060076
12359320,validation,MANIPULATION,1.1444040080480347
12377133,validation,MANIPULATION,1.2326224659159541
12379601,validation,MANIPULATION,1.253261094620869
12397138,validation,MANIPULATION,1.2931458487069092
12417678,validation,MANIPULATION,1.202512912344558
12417679,validation,MANIPULATION,1.2441478911013617
12427682,validation,MANIPULATION,1.1691236078882783
12457762,validation,MANIPULATION,1.2723249338431
12495525,validation,MANIPULATION,1.295108458610365
12495634,validation,MANIPULATION,1.0709858710195879
12507945,validation,MANIPULATION,1.2102647526026873
12513946,validation,MANIPULATION,1.1795670849498991
12595179,validation,MANIPULATION,1.266568100505114
12595201,validation,MANIPULATION,1.1738024250183432
12634489,validation,MANIPULATION,1.187157382035067
12668228,validation,MANIPULATION,1.2565984920751032
12713652,validation,MANIPULATION,1.1837268264387413
12714174,validation,MANIPULATION,1.2837472938159933
12738341,validation,MANIPULATION,1.1939530834443268
12781725,validation,MANIPULATION,1.2409532958586236
12814380,validation,MANIPULATION,1.1648996577553188
12814586,validation,MANIPULATION,1.1433617570040566
12850551,validation,MANIPULATION,1.186138993962839
12887982,validation,MANIPULATION,1.137320255504017
12902399,validation,MANIPULATION,1.2425307111134718
12948709,validation,MANIPULATION,1.2562563908711637
12961051,validation,MANIPULATION,1.208898622694517
14505068,validation,MANIPULATION,1.1343586492895492
14561442,validation,MANIPULATION,1.1399547856064818
14568448,validation,MANIPULATION,1.2203839952627593
14568463,validation,MANIPULATION,1.2175223836635416
14568482,validation,MANIPULATION,1.2362745068394243
14568502,validation,MANIPULATION,1.1665114031035633
14572916,validation,MANIPULATION,1.0473697632379784
14573322,validation,MANIPULATION,1.180856307029894
14642485,validation,MANIPULATION,1.151678780227646
14657368,validation,MANIPULATION,1.260323946012154
14659496,validation,MANIPULATION,1.108866270006024
14741309,validation,MANIPULATION,1.260255998181789
14741670,validation,MANIPULATION,1.1999710487366073
15016102,validation,MANIPULATION,1.2666741368850225
15023577,validation,MANIPULATION,1.141472447649219
15038009,validation,MANIPULATION,1.258771662119892
15050573,validation,MANIPULATION,1.2118799612490632
15082152,validation,MANIPULATION,1.028000868741144
15102910,validation,MANIPULATION,1.241045278310087
15110011,validation,MANIPULATION,1.2078753244155533
15157701,validation,MANIPULATION,1.1501481960662896
15178381,validation,MANIPULATION,1.205102196243005
15183394,validation,MANIPULATION,1.2837820990706303
15184236,validation,MANIPULATION,1.2474563704497612
15201322,validation,MANIPULATION,1.1135825939302544
15269107,validation,MANIPULATION,1.2139281470093628
15275937,validation,MANIPULATION,1.2020809207814875
15319311,validation,MANIPULATION,1.1807354829653338
15327927,validation,MANIPULATION,1.1853266721534474
15351623,validation,MANIPULATION,1.1773975508049246
15390216,validation,MANIPULATION,1.1521506638056942
15453976,validation,MANIPULATION,1.2301263682305006
15541070,validation,MANIPULATION,1.0898674905743782
15582037,validation,MANIPULATION,1.2233343700533068
15582114,validation,MANIPULATION,1.0919535264776001
15589108,validation,MANIPULATION,1.2199195726664411
15601525,validation,MANIPULATION,1.1696166007015514
15703253,validation,MANIPULATION,1.1409954329678658
15716164,validation,MANIPULATION,1.1936501666333827
15722209,validation,MANIPULATION,1.2904365522494634
15734344,validation,MANIPULATION,1.2167407966915627
15753243,validation,MANIPULATION,1.2053437553319217
15758039,validation,MANIPULATION,1.1517125437485967
15758200,validation,MANIPULATION,1.1813057454147107
15772360,validation,MANIPULATION,1.2584369089047907
15784441,validation,MANIPULATION,1.1054868997688974
15808992,validation,MANIPULATION,1.1419376199846185
15817169,validation,MANIPULATION,1.2401112931801546
15820229,validation,MANIPULATION,1.062812269230109
15820629,validation,MANIPULATION,1.2551765089213545
15820711,validation,MANIPULATION,1.2876855449702997
15869491,validation,MANIPULATION,1.1717318028639496
15883354,validation,MANIPULATION,1.1785770840014784
15890534,validation,MANIPULATION,1.1551498017732067
15907299,validation,MANIPULATION,1.193993312702406
15907313,validation,MANIPULATION,1.20465448183956
15921937,validation,MANIPULATION,1.2370841611368513
15924866,validation,MANIPULATION,1.184880523985267
15955482,validation,MANIPULATION,1.160822910119974
15958505,validation,MANIPULATION,1.1763916278128634
15961048,validation,MANIPULATION,1.227958401144988
15961050,validation,MANIPULATION,1.1499976874482232
16000652,validation,MANIPULATION,1.2335015005835765
16019232,validation,MANIPULATION,1.2292771962003284
16046148,validation,MANIPULATION,1.1065161113868551
16051547,validation,MANIPULATION,1.2400526297476961
16080162,validation,MANIPULATION,1.273213510639876
16084069,validation,MANIPULATION,1.1109318806343207
16109493,validation,MANIPULATION,1.2517937827474237
16112148,validation,MANIPULATION,1.107533816584699
16112876,validation,MANIPULATION,1.1965932532512622
16120772,validation,MANIPULATION,1.133524546709521
16129627,validation,MANIPULATION,1.1268345725857214
16154456,validation,MANIPULATION,1.1318892198196593
16161166,validation,MANIPULATION,1.1826504650717815
16165201,validation,MANIPULATION,1.2344614155039029
16181792,validation,MANIPULATION,1.2565146899414832
16197685,validation,MANIPULATION,1.190955544482278
16221599,validation,MANIPULATION,1.23223097603396
16225965,validation,MANIPULATION,1.1743439996418616
16230029,validation,MANIPULATION,1.1909686924797735
16237324,validation,MANIPULATION,1.2136431289357286
16242924,validation,MANIPULATION,1.0768423425793885
16246734,validation,MANIPULATION,1.1333130151101278
16260124,validation,MANIPULATION,1.0320360408806468
16289928,validation,MANIPULATION,1.0486621307744066
16298237,validation,MANIPULATION,1.173427921173784
16303149,validation,MANIPULATION,1.1712371596301059
16315273,validation,MANIPULATION,1.1983328706110559
16339445,validation,MANIPULATION,1.2311597851166765
16339798,validation,MANIPULATION,1.2502389711087085
16411978,validation,MANIPULATION,1.0836525799556052
16413797,validation,MANIPULATION,1.23421574166071
16423439,validation,MANIPULATION,1.1816414562518247
16426719,validation,MANIPULATION,1.2446021587309013
16469419,validation,MANIPULATION,1.216706031344508
16476414,validation,MANIPULATION,1.2023632751055975
16499767,validation,MANIPULATION,1.0893498779407385
16527492,validation,MANIPULATION,1.256838634951542
16553630,validation,MANIPULATION,1.1928348420597732
16571373,validation,MANIPULATION,1.1296319087049989
16575838,validation,MANIPULATION,1.2161542771996408
16612617,validation,MANIPULATION,1.1312384777831024
16623847,validation,MANIPULATION,1.168040982473885
16626972,validation,MANIPULATION,1.2071923741246622
16639741,validation,MANIPULATION,1.2310393360766596
16648457,validation,MANIPULATION,1.2384028942356877
16699081,validation,MANIPULATION,1.2458622001879698
16718653,validation,MANIPULATION,1.1275138216058103
16725162,validation,MANIPULATION,1.255703536691358
16735070,validation,MANIPULATION,1.2144318458609262
16750818,validation,MANIPULATION,1.1039981552861322
16757180,validation,MANIPULATION,1.2028457121245781
16769743,validation,MANIPULATION,1.2490318684087056
16798016,validation,MANIPULATION,1.1641125805643973
16814525,validation,MANIPULATION,1.2436456142438783
16814986,validation,MANIPULATION,1.1328063594340074
16828717,validation,MANIPULATION,1.178450468075379
16837597,validation,MANIPULATION,1.2492929516166382
16857390,validation,MANIPULATION,1.1680938344532885
16861334,validation,MANIPULATION,1.2459835133872894
16868087,validation,MANIPULATION,1.196512442569567
16872743,validation,MANIPULATION,1.1333605898480177
16916464,validation,MANIPULATION,1.19714053798784
16934843,validation,MANIPULATION,1.2969473495612673
16997428,validation,MANIPULATION,1.245327818185824
17005420,validation,MANIPULATION,1.2311261605509223
17027779,validation,MANIPULATION,1.2528351064938352
17069478,validation,MANIPULATION,1.1288560388494995
17077160,validation,MANIPULATION,1.2056899041158058
17097071,validation,MANIPULATION,1.178715417969129
17098445,validation,MANIPULATION,1.259432772774762
17099066,validation,MANIPULATION,1.1201881094896136
17116311,validation,MANIPULATION,1.270471683038396
17126370,validation,MANIPULATION,1.2284794190771493
17133393,validation,MANIPULATION,1.191816321612205
17175173,validation,MANIPULATION,1.1976550428135926
17182108,validation,MANIPULATION,1.193750325230077
17182773,validation,MANIPULATION,1.1847044403615337
17204249,validation,MANIPULATION,1.229445793376285
17204820,validation,MANIPULATION,1.2704582493426928
17210136,validation,MANIPULATION,1.246804960776797
17266102,validation,MANIPULATION,1.2710754943487332
17292590,validation,MANIPULATION,1.2549375540801604
17292627,validation,MANIPULATION,1.2336094153129071
17298595,validation,MANIPULATION,1.2290083279834707
17301186,validation,MANIPULATION,1.2442646753290034
17314240,validation,MANIPULATION,1.2438713728869655
17320049,validation,MANIPULATION,1.2199219065766949
17336947,validation,MANIPULATION,1.1026962570611196
17372726,validation,MANIPULATION,1.2477153003589243
17397807,validation,MANIPULATION,1.1460283165452583
17416830,validation,MANIPULATION,1.0931608954443
17460617,validation,MANIPULATION,1.1477099050313648
17476480,validation,MANIPULATION,1.2093889717812298
17509541,validation,MANIPULATION,1.28365246414302
17517680,validation,MANIPULATION,1.214661089575389
17533167,validation,MANIPULATION,1.1368588456464725
17538950,validation,MANIPULATION,1.112708940731916
17544630,validation,MANIPULATION,1.1417830361688992
17545731,validation,MANIPULATION,1.1370383444751528
17566766,validation,MANIPULATION,1.214493512446803
17583996,validation,MANIPULATION,1.1505460100723572
17596416,validation,MANIPULATION,1.0514308086185837
17600730,validation,MANIPULATION,1.032529286733889
17617657,validation,MANIPULATION,1.126268727603361
17624993,validation,MANIPULATION,1.208701892926141
17627852,validation,MANIPULATION,1.1729101162253583
17628434,validation,MANIPULATION,1.1953845010304884
17659885,validation,MANIPULATION,1.1624986532042307
17662530,validation,MANIPULATION,1.1764713598441792
17675369,validation,MANIPULATION,1.249978839962094
17689268,validation,MANIPULATION,1.2271326616955323
17714799,validation,MANIPULATION,1.132844995395949
17728264,validation,MANIPULATION,1.167880509519269
17765877,validation,MANIPULATION,1.2553359831766382
17889835,validation,MANIPULATION,1.1894396491416972
17915262,validation,MANIPULATION,1.1097628182416435
17924535,validation,MANIPULATION,1.2528885312098677
17962045,validation,MANIPULATION,1.2270767141277905
17963797,validation,MANIPULATION,1.24336548065808
17977592,validation,MANIPULATION,1.1539457100745425
17990302,validation,MANIPULATION,1.0130710172779778
17996463,validation,MANIPULATION,1.2541650104406294
18042401,validation,MANIPULATION,1.2467417475698337
18055184,validation,MANIPULATION,1.1231356248869475
18056085,validation,MANIPULATION,1.1592697131402068
18060809,validation,MANIPULATION,1.229575288021927
18072279,validation,MANIPULATION,1.0806457259137452
18072830,validation,MANIPULATION,1.1600685090792364
18076530,validation,MANIPULATION,1.0875678704486684
18077465,validation,MANIPULATION,1.230280772545456
18093736,validation,MANIPULATION,1.282502672187298
18093809,validation,MANIPULATION,1.2135404174014373
18155446,validation,MANIPULATION,1.1200555167500437
18165281,validation,MANIPULATION,1.20485654211005
18178180,validation,MANIPULATION,1.2322850642255234
18191160,validation,MANIPULATION,1.1602349452840643
18216774,validation,MANIPULATION,1.1434972865656692
18234477,validation,MANIPULATION,1.1842765170127558
18262207,validation,MANIPULATION,1.2509367868802936
18305258,validation,MANIPULATION,1.1550817263491893
18342423,validation,MANIPULATION,1.1975989091788508
18344174,validation,MANIPULATION,1.0952577992536578
18353329,validation,MANIPULATION,1.1129255166844427
18372290,validation,MANIPULATION,1.1824955605642649
18372293,validation,MANIPULATION,1.1719533889093698
18387584,validation,MANIPULATION,1.0958102408742452
18400793,validation,MANIPULATION,1.242432577178256
18419841,validation,MANIPULATION,1.25065236533276
18427116,validation,MANIPULATION,1.0782924924764044
18434200,validation,MANIPULATION,1.2087849014182033
18445531,validation,MANIPULATION,1.1915705015359772
18455372,validation,MANIPULATION,1.291280778547678
18465748,validation,MANIPULATION,1.1711995763308345
18471837,validation,MANIPULATION,1.1527269147939316
18476760,validation,MANIPULATION,1.0795209830035457
18479670,validation,MANIPULATION,1.2676360634962793
18483003,validation,MANIPULATION,1.2209896937058533
18486147,validation,MANIPULATION,1.1082647764838307
18495886,validation,MANIPULATION,1.1524068115575319
18510438,validation,MANIPULATION,1.1721727633264893
18510448,validation,MANIPULATION,1.2884033019548886
18511023,validation,MANIPULATION,1.1274466945133774
18534567,validation,MANIPULATION,1.0807746983218882
18550756,validation,MANIPULATION,1.182658325766816
18564040,validation,MANIPULATION,1.197179716562941
18580874,validation,MANIPULATION,1.1502237095562213
18587523,validation,MANIPULATION,1.2260960199311057
18588532,validation,MANIPULATION,1.177046767911362
18596189,validation,MANIPULATION,1.119564149246537
18596607,validation,MANIPULATION,1.1341465216063025
18597227,validation,MANIPULATION,1.0813715508892894
18597795,validation,MANIPULATION,1.138429672479983
18606175,validation,MANIPULATION,1.1079939486169563
18633829,validation,MANIPULATION,1.134971860646913
18633852,validation,MANIPULATION,1.223764466584516
18644454,validation,MANIPULATION,1.2594860049753602
18682729,validation,MANIPULATION,1.1942954873160547
18691659,validation,MANIPULATION,1.168087208134436
18702583,validation,MANIPULATION,1.2132085754272783
18752409,validation,MANIPULATION,1.135265098886501
18757744,validation,MANIPULATION,1.1852189944182743
18783380,validation,MANIPULATION,1.1587289733942405
18787235,validation,MANIPULATION,1.2866539506095396
18798977,validation,MANIPULATION,1.225553692264092
18804539,validation,MANIPULATION,1.0710783288490395
18804916,validation,MANIPULATION,1.1169495162492267
18805589,validation,MANIPULATION,1.161564944801376
18823241,validation,MANIPULATION,1.1372891898438873
18827897,validation,MANIPULATION,1.2354685590316237
18835284,validation,MANIPULATION,1.1263470937970348
18842669,validation,MANIPULATION,1.2151339764086935
18848896,validation,MANIPULATION,1.0112854750058202
18958158,validation,MANIPULATION,1.1695890887705611
18977304,validation,MANIPULATION,1.1495582537912834
18985119,validation,MANIPULATION,1.2895111490075115
18996100,validation,MANIPULATION,1.218152082249322
19015084,validation,MANIPULATION,1.1979860615211828
19015112,validation,MANIPULATION,1.231778210055865
19015373,validation,MANIPULATION,1.1901010057114108
19027079,validation,MANIPULATION,1.2097491031304382
19027762,validation,MANIPULATION,1.1756468808996416
19028382,validation,MANIPULATION,1.1260608679018933
19032746,validation,MANIPULATION,1.2253303136741485
19046978,validation,MANIPULATION,1.1817241090760349
19091969,validation,MANIPULATION,1.1395704904253958
19101126,validation,MANIPULATION,1.092104114474451
19103296,validation,MANIPULATION,1.2267909181743866
19110062,validation,MANIPULATION,1.2735688327114094
19129395,validation,MANIPULATION,1.191728850575699
19172643,validation,MANIPULATION,1.2424902834599723
19188539,validation,MANIPULATION,1.2472278751863106
19199409,validation,MANIPULATION,1.0728481670325982
19272364,validation,MANIPULATION,1.2573144189315766
19279244,validation,MANIPULATION,1.2066450647880516
19280708,validation,MANIPULATION,1.2755144553745401
19300986,validation,MANIPULATION,1.173240606321583
19301994,validation,MANIPULATION,1.2276091607372273
19307050,validation,MANIPULATION,1.2694981498012816
19339611,validation,MANIPULATION,1.1820875471151102
19351556,validation,MANIPULATION,1.2435634303828231
19368857,validation,MANIPULATION,1.0939863233567375
19400672,validation,MANIPULATION,1.2006005266493358
19400679,validation,MANIPULATION,1.121016290263415
19403118,validation,MANIPULATION,1.1961090705970177
19406903,validation,MANIPULATION,1.145023907860097
19409498,validation,MANIPULATION,1.0870115619379448
19410583,validation,MANIPULATION,1.275889632672941
19412935,validation,MANIPULATION,1.2352804738056746
19413475,validation,MANIPULATION,1.0723039181916685
19416664,validation,MANIPULATION,1.0973060165827464
19416812,validation,MANIPULATION,1.2946577020952355
19434601,validation,MANIPULATION,1.1299926906601845
19442494,validation,MANIPULATION,1.1797504091127269
19490045,validation,MANIPULATION,1.1865884911329652
19512976,validation,MANIPULATION,1.285233506496424
19545612,validation,MANIPULATION,1.1674509507910027
19555674,validation,MANIPULATION,1.225388047946579
19569130,validation,MANIPULATION,1.0448025841345407
19574440,validation,MANIPULATION,1.2599415212102558
19577650,validation,MANIPULATION,1.2286622080453684
19585588,validation,MANIPULATION,1.1620267589509192
19620181,validation,MANIPULATION,1.0617683187703881
19620621,validation,MANIPULATION,1.2011634763326988
19642881,validation,MANIPULATION,1.2436708316349363
19642887,validation,MANIPULATION,1.1768248711720366
19643118,validation,MANIPULATION,1.1762164595734657
19645887,validation,MANIPULATION,1.1601601627003912
19648173,validation,MANIPULATION,1.2154440155175532
19673738,validation,MANIPULATION,1.1492483478141484
19684249,validation,MANIPULATION,1.153134247597346
19695760,validation,MANIPULATION,1.0865811426740772
19702470,validation,MANIPULATION,1.1673741182494486
19703572,validation,MANIPULATION,1.1610877571606433
19707599,validation,MANIPULATION,1.2257701896499156
19709652,validation,MANIPULATION,1.2822093741577556
19766168,validation,MANIPULATION,1.210028528839732
19781755,validation,MANIPULATION,1.2528200937849434
19789183,validation,MANIPULATION,1.281010119089454
19796692,validation,MANIPULATION,1.281077520522907
19805082,validation,MANIPULATION,1.2147432585054478
19806158,validation,MANIPULATION,1.1919192508733976
19818382,validation,MANIPULATION,1.1815578102466298
19818907,validation,MANIPULATION,1.1555879373015565
19835893,validation,MANIPULATION,1.195811926620254
19837173,validation,MANIPULATION,1.2207426206019072
19853585,validation,MANIPULATION,1.2443782462294257
19878728,validation,MANIPULATION,1.253872688673493
19879281,validation,MANIPULATION,1.158850372077203
19889714,validation,MANIPULATION,1.1483490364958606
19909817,validation,MANIPULATION,1.2740464482807596
19926457,validation,MANIPULATION,1.2298220011556897
19943038,validation,MANIPULATION,1.2165148574479583
19963356,validation,MANIPULATION,1.0662767181549642
20005215,validation,MANIPULATION,1.269503179654498
20021629,validation,MANIPULATION,1.1084345739815542
20039023,validation,MANIPULATION,1.2324665440628715
20045472,validation,MANIPULATION,1.1317982760024725
20045478,validation,MANIPULATION,1.1700532782975563
20096792,validation,MANIPULATION,1.175759085329179
20157743,validation,MANIPULATION,1.2068359832416347
20167415,validation,MANIPULATION,1.2458333051817496
20188841,validation,MANIPULATION,1.2366040944184027
20189356,validation,MANIPULATION,1.2515147561879783
20194515,validation,MANIPULATION,1.103283840231312
20200121,validation,MANIPULATION,1.1037192932648838
20201630,validation,MANIPULATION,1.062875626397636
20203139,validation,MANIPULATION,1.166791001760352
20300627,validation,MANIPULATION,1.169484394315437
20336653,validation,MANIPULATION,1.0841340593964208
20336685,validation,MANIPULATION,1.1620148511723734
20336690,validation,MANIPULATION,1.088286968628147
20350180,validation,MANIPULATION,1.2034751999739994
20392942,validation,MANIPULATION,1.2175144695059443
20398769,validation,MANIPULATION,1.2333507880265242
20406690,validation,MANIPULATION,1.2534093951723957
20411397,validation,MANIPULATION,1.0620893977567103
20418072,validation,MANIPULATION,1.1991871644777914
20420925,validation,MANIPULATION,1.2212090733493546
20423700,validation,MANIPULATION,1.2144498513103454
20433241,validation,MANIPULATION,1.1802658411668334
20440296,validation,MANIPULATION,1.1845504762829286
20444840,validation,MANIPULATION,1.1958380341316395
20456660,validation,MANIPULATION,1.1565777947500702
20470808,validation,MANIPULATION,1.164850808493908
20478834,validation,MANIPULATION,1.1403302380042302
20493670,validation,MANIPULATION,1.094126956864355
20503118,validation,MANIPULATION,1.1850739074354164
20510374,validation,MANIPULATION,1.1079786270815069
20510862,validation,MANIPULATION,1.0989481392834173
20534850,validation,MANIPULATION,1.1362376686105773
20592124,validation,MANIPULATION,1.1394192544937642
20600189,validation,MANIPULATION,1.225987973116814
20610740,validation,MANIPULATION,1.2093938202499674
20617891,validation,MANIPULATION,1.2933187729157272
20637819,validation,MANIPULATION,1.1723864511138533
20654634,validation,MANIPULATION,1.0930248118961765
20668188,validation,MANIPULATION,1.2039952194866361
20678490,validation,MANIPULATION,1.1966580526309514
20680252,validation,MANIPULATION,1.2572954895855681
20688479,validation,MANIPULATION,1.1326335163061927
20691791,validation,MANIPULATION,1.2697855294815907
20692350,validation,MANIPULATION,1.2327817230246645
20702705,validation,MANIPULATION,1.0948278086014773
20705602,validation,MANIPULATION,1.2101802561580284
20724113,validation,MANIPULATION,1.1287905969521999
20725639,validation,MANIPULATION,1.223419266692707
20727411,validation,MANIPULATION,1.1339595719333204
20727906,validation,MANIPULATION,1.0842867951676385
20728549,validation,MANIPULATION,1.2110087387658426
20797391,validation,MANIPULATION,1.162298261289347
20824394,validation,MANIPULATION,1.1097498633801466
20826428,validation,MANIPULATION,1.170960883618097
20837150,validation,MANIPULATION,1.275298363603875
20838472,validation,MANIPULATION,1.1163288437107652
20850554,validation,MANIPULATION,1.1759664258153468
20851770,validation,MANIPULATION,1.2490022815108484
20869452,validation,MANIPULATION,1.1971554037743195
20884358,validation,MANIPULATION,1.1810571142395796
20937394,validation,MANIPULATION,1.2861150324779476
20941370,validation,MANIPULATION,1.282479334393149
20946964,validation,MANIPULATION,1.2036152594236744
20947065,validation,MANIPULATION,1.3058873808167115
20950283,validation,MANIPULATION,1.190259048805824
20950824,validation,MANIPULATION,1.0959009673902238
20967538,validation,MANIPULATION,1.1740578861932862
20976739,validation,MANIPULATION,1.1544622099414075
20980597,validation,MANIPULATION,1.2236796829914702
21029780,validation,MANIPULATION,1.2038895551049211
21051084,validation,MANIPULATION,1.2642174518922613
21073958,validation,MANIPULATION,1.2217863342781656
21078708,validation,MANIPULATION,1.2544895408541608
21081170,validation,MANIPULATION,1.1581383546343607
21090881,validation,MANIPULATION,1.1572068357506822
21092987,validation,MANIPULATION,1.199449021140952
21095230,validation,MANIPULATION,1.1980935572277005
21098808,validation,MANIPULATION,1.1500618620412173
21109009,validation,MANIPULATION,1.232461220621418
21115229,validation,MANIPULATION,1.1563363388643546
21144498,validation,MANIPULATION,1.0708638787262283
21145314,validation,MANIPULATION,1.2205510230259153
21151362,validation,MANIPULATION,1.2253809739237334
21156209,validation,MANIPULATION,1.10812854572778
21168518,validation,MANIPULATION,1.240215643373752
21183457,validation,MANIPULATION,1.2119421006875368
21183458,validation,MANIPULATION,1.230583555104758
21192959,validation,MANIPULATION,1.183958849363941
21209829,validation,MANIPULATION,1.1127755907127896
21238490,validation,MANIPULATION,1.1280981104507382
21241721,validation,MANIPULATION,1.1739367346089948
21258644,validation,MANIPULATION,1.093417984276926
21261453,validation,MANIPULATION,1.2124412724723825
21264650,validation,MANIPULATION,1.170271998458132
21265605,validation,MANIPULATION,1.1970364737973962
21305666,validation,MANIPULATION,1.1786180389451724
21315627,validation,MANIPULATION,1.2686890895080003
21316468,validation,MANIPULATION,1.2128107222054898
21334351,validation,MANIPULATION,1.2325144140391988
21334442,validation,MANIPULATION,1.1084912770175572
21345342,validation,MANIPULATION,1.237897547791942
21364890,validation,MANIPULATION,1.0938116148337564
21373203,validation,MANIPULATION,1.2282297279355818
21382559,validation,MANIPULATION,1.3106326742556438
21391763,validation,MANIPULATION,1.140067524155106
21397701,validation,MANIPULATION,1.1444752233133748
21404363,validation,MANIPULATION,1.2242116021215557
21411108,validation,MANIPULATION,1.1408165989919647
21411661,validation,MANIPULATION,1.1849493651354057
21414910,validation,MANIPULATION,1.0837339731217634
21430137,validation,MANIPULATION,1.2654536887671457
21440072,validation,MANIPULATION,1.2087568691517965
21441920,validation,MANIPULATION,1.246830243530557
21451019,validation,MANIPULATION,1.1120242903920687
21455941,validation,MANIPULATION,1.1800610522357027
21466926,validation,MANIPULATION,1.1150125024463529
21482547,validation,MANIPULATION,1.0722907688293344
21483761,validation,MANIPULATION,1.1157961504257625
21538702,validation,MANIPULATION,1.1909723657311233
21539923,validation,MANIPULATION,1.2532325534113968
21543607,validation,MANIPULATION,1.2125196984978093
21567659,validation,MANIPULATION,1.122484715282147
21568633,validation,MANIPULATION,1.1106480299634647
21568643,validation,MANIPULATION,1.289053140524361
21575727,validation,MANIPULATION,1.2517233207561302
21613489,validation,MANIPULATION,1.2733716580188688
21645415,validation,MANIPULATION,1.237359461146636
21653865,validation,MANIPULATION,1.1961889799684615
21676094,validation,MANIPULATION,1.1519170926204183
21684531,validation,MANIPULATION,1.1141744533817781
21692148,validation,MANIPULATION,1.1663960093662553
21715612,validation,MANIPULATION,1.2369155811546289
21715640,validation,MANIPULATION,1.1691208209066948
21718731,validation,MANIPULATION,1.2395948483909607
21764527,validation,MANIPULATION,1.1585528453215985
21768227,validation,MANIPULATION,1.2800601061761836
21775675,validation,MANIPULATION,1.1356629367498652
21782157,validation,MANIPULATION,1.2682023058446743
21782395,validation,MANIPULATION,1.136006029918906
21800252,validation,MANIPULATION,1.1753228699783191
21827859,validation,MANIPULATION,1.2166217308763825
21828112,validation,MANIPULATION,1.2097607198499252
21829668,validation,MANIPULATION,1.219132915459727
21861675,validation,MANIPULATION,1.1436473734525412
21868203,validation,MANIPULATION,1.184383634112869
21878489,validation,MANIPULATION,1.2632235561032201
21887352,validation,MANIPULATION,1.2525482457574477
21896496,validation,MANIPULATION,1.2681193825428172
21906688,validation,MANIPULATION,1.2271985981030293
21930160,validation,MANIPULATION,1.1700335750612603
21945808,validation,MANIPULATION,1.2268689858367305
21949675,validation,MANIPULATION,1.2409756931551268
21955370,validation,MANIPULATION,1.1929097785393756
21958514,validation,MANIPULATION,1.188901038012111
21958650,validation,MANIPULATION,1.2551072638468903
21960969,validation,MANIPULATION,1.2213111225692812
21976384,validation,MANIPULATION,1.0920598361839613
21976513,validation,MANIPULATION,1.1817753626108758
21982696,validation,MANIPULATION,1.0909235984408603
21994389,validation,MANIPULATION,1.2220411426023254
22001165,validation,MANIPULATION,1.2089867392366562
22008503,validation,MANIPULATION,1.216341600089534
22027496,validation,MANIPULATION,1.170066410776982
22038718,validation,MANIPULATION,1.1532380176812191
22055016,validation,MANIPULATION,1.2616604852512583
22055622,validation,MANIPULATION,1.265730571257405
22062193,validation,MANIPULATION,1.287201188403708
22063904,validation,MANIPULATION,1.2801036388740266
22073209,validation,MANIPULATION,1.1830863891344081
22079204,validation,MANIPULATION,1.2435548182936276
22079455,validation,MANIPULATION,1.2544166577899112
22094481,validation,MANIPULATION,1.1529518837200061
22123187,validation,MANIPULATION,1.2665295579093556
22139633,validation,MANIPULATION,1.2057733237996382
22164273,validation,MANIPULATION,1.225068340041432
22200657,validation,MANIPULATION,1.156454739383736
22206809,validation,MANIPULATION,1.207412041760561
22227133,validation,MANIPULATION,1.2298840440045269
22228751,validation,MANIPULATION,1.219714007986306
22230947,validation,MANIPULATION,1.1619878354910622
22262876,validation,MANIPULATION,1.109396055608206
22266175,validation,MANIPULATION,1.1516366445959356
22270350,validation,MANIPULATION,1.0745141896355703
22270405,validation,MANIPULATION,1.0786688715238506
22277302,validation,MANIPULATION,1.0919906275217288
22285025,validation,MANIPULATION,1.2391232311545548
22288392,validation,MANIPULATION,1.1879382540900427
22302824,validation,MANIPULATION,1.2004911283235702
22305968,validation,MANIPULATION,1.2556615359829466
22348896,validation,MANIPULATION,1.1500480716483592
22349801,validation,MANIPULATION,1.1814327878034938
22363406,validation,MANIPULATION,1.2507716586325919
22371310,validation,MANIPULATION,1.0111618013056642
22390467,validation,MANIPULATION,1.2517605713158453
22399779,validation,MANIPULATION,1.2686575944562821
22401286,validation,MANIPULATION,1.1807591162560869
22403536,validation,MANIPULATION,1.2238848022464577
22405043,validation,MANIPULATION,1.2278623415464627
22406016,validation,MANIPULATION,1.207281497947498
22419119,validation,MANIPULATION,1.2385634037662896
22420742,validation,MANIPULATION,1.1832957945446423
22422484,validation,MANIPULATION,1.0985888959848658
22422724,validation,MANIPULATION,1.2221426939033766
22422804,validation,MANIPULATION,1.1066570469654822
22425719,validation,MANIPULATION,1.2003529899562582
22428022,validation,MANIPULATION,1.1018812231974366
22431294,validation,MANIPULATION,1.152260154906475
22438291,validation,MANIPULATION,1.2206564015094667
22452559,validation,MANIPULATION,1.2234168771504523
22464726,validation,MANIPULATION,1.1154974789769376
22465324,validation,MANIPULATION,1.149337577293195
22479551,validation,MANIPULATION,1.1848267225026285
22504766,validation,MANIPULATION,1.2261701827972133
22505330,validation,MANIPULATION,1.0391971194852478
22507663,validation,MANIPULATION,1.1760513577438663
22510256,validation,MANIPULATION,1.0975940002770193
22510532,validation,MANIPULATION,1.225205709897305
22521874,validation,MANIPULATION,1.1823445291792605
22535907,validation,MANIPULATION,1.1132662959196649
22537316,validation,MANIPULATION,1.1477038028186086
22552189,validation,MANIPULATION,1.190606393170144
22553018,validation,MANIPULATION,1.1789863318516656
22569542,validation,MANIPULATION,1.0981597484700638
22584225,validation,MANIPULATION,1.2529982388724057
22593242,validation,MANIPULATION,1.2723529218507632
22613230,validation,MANIPULATION,1.0359191450086525
22621262,validation,MANIPULATION,1.1450675377391917
22658973,validation,MANIPULATION,1.2323943641758364
22669970,validation,MANIPULATION,1.0647112714553377
22684096,validation,MANIPULATION,1.2158968690461522
22699044,validation,MANIPULATION,1.2412955242105104
22699906,validation,MANIPULATION,1.183164409354297
22705376,validation,MANIPULATION,1.2634503545897815
22711376,validation,MANIPULATION,1.2906946316670422
22721373,validation,MANIPULATION,1.260206385780988
22721380,validation,MANIPULATION,1.1672389838523327
22732492,validation,MANIPULATION,1.1918191842679537
22741094,validation,MANIPULATION,1.186906318641397
22749971,validation,MANIPULATION,1.1669295476058912
22750124,validation,MANIPULATION,1.2281930319050574
22766165,validation,MANIPULATION,1.1802926968400078
22770670,validation,MANIPULATION,1.240194156394218
22776455,validation,MANIPULATION,1.1268628972655257
22781161,validation,MANIPULATION,1.2297355806733588
22784605,validation,MANIPULATION,1.216698935862667
22784688,validation,MANIPULATION,1.2674260937507191
22795367,validation,MANIPULATION,1.2878206984044986
22796987,validation,MANIPULATION,1.131710580165229
22798398,validation,MANIPULATION,1.2256593205472022
22807311,validation,MANIPULATION,1.1745824254611523
22815523,validation,MANIPULATION,1.2239746825020088
22832566,validation,MANIPULATION,1.1437941273991798
22841389,validation,MANIPULATION,1.2803677448766726
22855822,validation,MANIPULATION,1.2625181000388455
22905090,validation,MANIPULATION,1.1240928584874146
22905821,validation,MANIPULATION,1.2455831795859749
22929607,validation,MANIPULATION,1.2056066087116186
22941717,validation,MANIPULATION,1.1289417240031685
22941721,validation,MANIPULATION,1.0453335085543842
22977200,validation,MANIPULATION,1.2167743834271203
22998631,validation,MANIPULATION,1.2536694854394024
23010311,validation,MANIPULATION,1.0526434365435273
23016826,validation,MANIPULATION,1.1514561757650943
23034517,validation,MANIPULATION,1.2165964343127669
23039996,validation,MANIPULATION,1.1919385671099025
23044088,validation,MANIPULATION,1.1897624660253208
23063843,validation,MANIPULATION,1.1728611610471926
23074077,validation,MANIPULATION,1.158818537425216
23082151,validation,MANIPULATION,1.240931863185718
23082194,validation,MANIPULATION,1.1662400590357653
23085111,validation,MANIPULATION,1.190968863663692
23097273,validation,MANIPULATION,1.1341953608486277
23124719,validation,MANIPULATION,1.0947566103524382
23136406,validation,MANIPULATION,1.235814823475199
23136408,validation,MANIPULATION,1.1642909630981575
23142279,validation,MANIPULATION,1.2457935029846128
23146247,validation,MANIPULATION,1.1122903949303995
23150550,validation,MANIPULATION,1.0758746539105757
23151990,validation,MANIPULATION,1.1155829690467645
23155479,validation,MANIPULATION,1.2234960524156353
23158761,validation,MANIPULATION,1.2052090065111656
23160812,validation,MANIPULATION,1.0703672380234743
23162047,validation,MANIPULATION,1.2755363017509491
23162424,validation,MANIPULATION,1.1341530772959563
23164370,validation,MANIPULATION,1.1962627145095093
23175832,validation,MANIPULATION,1.2164660853821776
23201492,validation,MANIPULATION,1.191349812923621
23228510,validation,MANIPULATION,1.1492628581451347
23242198,validation,MANIPULATION,1.2117152737342496
23245222,validation,MANIPULATION,1.203924848781136
23246778,validation,MANIPULATION,1.1197692410430689
23246859,validation,MANIPULATION,1.2527520876381273
23246996,validation,MANIPULATION,1.0398788087816748
23251130,validation,MANIPULATION,1.2747519519327517
23283478,validation,MANIPULATION,1.0493444206808522
23293019,validation,MANIPULATION,1.2146349937169054
23319002,validation,MANIPULATION,1.2278079078992905
23322403,validation,MANIPULATION,1.2184315917687385
23352276,validation,MANIPULATION,1.1507945265861108
23376475,validation,MANIPULATION,1.2304570315645855
23377900,validation,MANIPULATION,1.2234240843672854
23383863,validation,MANIPULATION,1.2293952090767626
23392685,validation,MANIPULATION,1.1792317852676792
23403700,validation,MANIPULATION,1.2457107708950181
23408984,validation,MANIPULATION,1.1287835837079123
23435206,validation,MANIPULATION,1.1367902016074916
23435212,validation,MANIPULATION,1.1609112691679682
23459637,validation,MANIPULATION,1.238587484923115
23506969,validation,MANIPULATION,1.2886411345507873
23508477,validation,MANIPULATION,1.2162255069150931
23519991,validation,MANIPULATION,1.2771891226962808
23529976,validation,MANIPULATION,1.0993597017161623
23536060,validation,MANIPULATION,1.2296045980233985
23555736,validation,MANIPULATION,1.1822053886401986
23558102,validation,MANIPULATION,1.21901668023281
23562770,validation,MANIPULATION,1.228634085679756
23573872,validation,MANIPULATION,1.1214816722913938
23576811,validation,MANIPULATION,1.1716133795187684
23593393,validation,MANIPULATION,1.207522468255084
23596061,validation,MANIPULATION,1.1411737601836995
23599165,validation,MANIPULATION,1.21356498055397
23615031,validation,MANIPULATION,1.2307563551156098
23620601,validation,MANIPULATION,1.1509582001411809
23620602,validation,MANIPULATION,1.2341153203190696
23630478,validation,MANIPULATION,1.0833443032169157
23638070,validation,MANIPULATION,1.2786290762403618
23668969,validation,MANIPULATION,1.0776816821707014
23670963,validation,MANIPULATION,1.0463789073960919
23670989,validation,MANIPULATION,1.2328633914183311
23678116,validation,MANIPULATION,1.2273254064034211
23691237,validation,MANIPULATION,1.1934924871777428
23712666,validation,MANIPULATION,1.1152326750953172
23717274,validation,MANIPULATION,1.1965687457656167
23720575,validation,MANIPULATION,1.1145869098110193
23730281,validation,MANIPULATION,1.0671792533094187
23743260,validation,MANIPULATION,1.1756706805791477
23752131,validation,MANIPULATION,1.1530208801710373
23756137,validation,MANIPULATION,1.262176768888935
23760982,validation,MANIPULATION,1.0955314575012334
23761912,validation,MANIPULATION,1.2282353481113977
23819895,validation,MANIPULATION,1.1194545682729202
23859646,validation,MANIPULATION,1.202319883251403
23867736,validation,MANIPULATION,1.254960851989587
23876228,validation,MANIPULATION,1.2179816431950614
23887807,validation,MANIPULATION,1.038177315738069
23898179,validation,MANIPULATION,1.171969922395413
23903032,validation,MANIPULATION,1.1965488087430662
23908615,validation,MANIPULATION,1.1749702054563997
23908625,validation,MANIPULATION,1.121030008721749
23918376,validation,MANIPULATION,1.0542501001402522
23926114,validation,MANIPULATION,1.1900455161381591
23933482,validation,MANIPULATION,1.1987109536622476
23946001,validation,MANIPULATION,1.251173578873278
23949205,validation,MANIPULATION,1.1084998541783662
23954299,validation,MANIPULATION,1.2267373603042557
23959200,validation,MANIPULATION,1.1392404947644463
23963602,validation,MANIPULATION,1.2307081014523986
23967180,validation,MANIPULATION,1.234924732545543
23974949,validation,MANIPULATION,1.1407193873935961
23978652,validation,MANIPULATION,1.1932059631960523
23986678,validation,MANIPULATION,1.0874484779637676
23993991,validation,MANIPULATION,1.1268383572868161
24009354,validation,MANIPULATION,1.292464307600585
24009576,validation,MANIPULATION,1.1190653910458568
24019499,validation,MANIPULATION,1.11727180623616
24027516,validation,MANIPULATION,1.1911930768853627
24047383,validation,MANIPULATION,1.1756596071691212
24092642,validation,MANIPULATION,1.225728935928402
24099847,validation,MANIPULATION,1.2504769967773741
24108799,validation,MANIPULATION,1.2456688753077505
24116842,validation,MANIPULATION,1.2238441149169155
24120612,validation,MANIPULATION,1.1384245195169813
24140937,validation,MANIPULATION,1.0877715233393028
24155301,validation,MANIPULATION,1.1354435325256313
24184576,validation,MANIPULATION,1.0835796955336
24201011,validation,MANIPULATION,1.2061515806327194
24209777,validation,MANIPULATION,1.1105780081037322
24262681,validation,MANIPULATION,1.193140644539736
24269573,validation,MANIPULATION,1.0690114238331758
24275213,validation,MANIPULATION,1.1211034178432204
24349161,validation,MANIPULATION,1.1567329634125927
24361661,validation,MANIPULATION,1.3126283012322313
24365484,validation,MANIPULATION,1.1812216896329004
24367516,validation,MANIPULATION,1.1893537034098713
24376401,validation,MANIPULATION,1.1427280160571958
24381549,validation,MANIPULATION,1.2686025554716036
24391560,validation,MANIPULATION,1.2074147465764433
24392892,validation,MANIPULATION,1.2346858552030229
24392901,validation,MANIPULATION,1.1214158695998913
24394347,validation,MANIPULATION,1.1632376682827767
24396002,validation,MANIPULATION,1.1658019076746569
24396005,validation,MANIPULATION,1.2158582168986443
24399954,validation,MANIPULATION,1.2021825414654879
24424916,validation,MANIPULATION,1.2583176647986125
24436072,validation,MANIPULATION,1.2144304417469862
24440410,validation,MANIPULATION,1.1648812402678066
24453176,validation,MANIPULATION,1.2345997637041028
24493845,validation,MANIPULATION,1.0561359162978408
24516545,validation,MANIPULATION,1.0235345817396284
24530270,validation,MANIPULATION,1.2106294706872762
24560581,validation,MANIPULATION,1.2040853464544612
24564433,validation,MANIPULATION,1.0548487142817164
24573291,validation,MANIPULATION,1.211972292013773
24594508,validation,MANIPULATION,1.2424741678857665
24603021,validation,MANIPULATION,1.2147660903614959
24616684,validation,MANIPULATION,1.1524707327299164
24623776,validation,MANIPULATION,1.2567439997049266
24632378,validation,MANIPULATION,1.2093755814163822
24647122,validation,MANIPULATION,1.17384416957584
24672018,validation,MANIPULATION,1.1833846233900776
24705200,validation,MANIPULATION,1.1290142911073762
24714805,validation,MANIPULATION,1.139386925614009
24726752,validation,MANIPULATION,1.2473662089440625
24728839,validation,MANIPULATION,1.2652347067859024
24742155,validation,MANIPULATION,1.124959685429279
24760013,validation,MANIPULATION,1.1161792530662442
24793833,validation,MANIPULATION,1.2016914288677316
24802381,validation,MANIPULATION,1.173000926046685
24816735,validation,MANIPULATION,1.1167631782784864
24825744,validation,MANIPULATION,1.190777232825946
24841995,validation,MANIPULATION,1.1539050708234064
24844743,validation,MANIPULATION,1.1873009094735087
24844746,validation,MANIPULATION,1.2457392716746136
24845161,validation,MANIPULATION,1.1672492661513645
24849346,validation,MANIPULATION,1.0708100106241794
24852457,validation,MANIPULATION,1.1508322850495916
24856546,validation,MANIPULATION,1.1220925328767812
24862074,validation,MANIPULATION,1.1869278715557618
24905285,validation,MANIPULATION,1.1124185350050309
24906136,validation,MANIPULATION,1.0630251579970056
24911053,validation,MANIPULATION,1.0936042181953856
24927685,validation,MANIPULATION,1.185689634704945
24931140,validation,MANIPULATION,1.1937423775587084
24932546,validation,MANIPULATION,1.1811677909050462
24945664,validation,MANIPULATION,1.1277873031171621
24966373,validation,MANIPULATION,1.2644042889640519
24995682,validation,MANIPULATION,1.150184389388207
25000527,validation,MANIPULATION,1.2259873750629737
25044711,validation,MANIPULATION,1.2150195572391156
25071427,validation,MANIPULATION,1.2782970249007342
25076915,validation,MANIPULATION,1.212894987384376
25102420,validation,MANIPULATION,1.1362144843229318
25107854,validation,MANIPULATION,1.1773974915809324
25115821,validation,MANIPULATION,1.2254174662488613
25140051,validation,MANIPULATION,1.1716119488899455
25143607,validation,MANIPULATION,1.2706941271602443
25143614,validation,MANIPULATION,1.1919744766349716
25154600,validation,MANIPULATION,1.2071652816027405
25156613,validation,MANIPULATION,1.0738158184678934
25161824,validation,MANIPULATION,1.2109079980439965
25164675,validation,MANIPULATION,1.2433339456625048
25166875,validation,MANIPULATION,1.0774909247776068
25173413,validation,MANIPULATION,1.2656663464340967
25180974,validation,MANIPULATION,1.1157543044473783
25183886,validation,MANIPULATION,1.094128035143331
25188321,validation,MANIPULATION,1.2572496340678
25199464,validation,MANIPULATION,1.1875185871898835
25204866,validation,MANIPULATION,1.2245313750804871
25212682,validation,MANIPULATION,1.0797510631513398
25214317,validation,MANIPULATION,1.1500424185158002
25223905,validation,MANIPULATION,1.1944101097495459
25232302,validation,MANIPULATION,1.2023935915457957
25249406,validation,MANIPULATION,1.2263856368073396
25258047,validation,MANIPULATION,1.2030543359395323
25266592,validation,MANIPULATION,1.1116155595465864
25271132,validation,MANIPULATION,1.2065312628220428
25272033,validation,MANIPULATION,1.1583840676250252
25282602,validation,MANIPULATION,1.2227935747368872
25293364,validation,MANIPULATION,1.096176218869398
25298010,validation,MANIPULATION,1.1510793063040958
25321487,validation,MANIPULATION,1.1177862213474952
25328838,validation,MANIPULATION,1.2482448114686726
25352218,validation,MANIPULATION,1.0818571800069372
25359694,validation,MANIPULATION,1.2296026657114507
25376010,validation,MANIPULATION,1.1803544000720159
25405941,validation,MANIPULATION,1.2415182873783568
25406367,validation,MANIPULATION,1.1715372158777877
25452569,validation,MANIPULATION,1.1211121659734078
25463475,validation,MANIPULATION,1.1452871392467099
25481793,validation,MANIPULATION,1.2141025108863517
25497222,validation,MANIPULATION,1.2543511559941793
25498406,validation,MANIPULATION,1.142665347940269
25502215,validation,MANIPULATION,1.164408800591401
25513974,validation,MANIPULATION,1.1065424270503292
25536493,validation,MANIPULATION,1.141950018454844
25566010,validation,MANIPULATION,1.1829266771156703
25566037,validation,MANIPULATION,1.2778100493656408
25567086,validation,MANIPULATION,1.2052144460864185
25576907,validation,MANIPULATION,1.2907805278453053
25595506,validation,MANIPULATION,1.0887062428520462
25603027,validation,MANIPULATION,1.110403299842357
25610794,validation,MANIPULATION,1.2736323628845945
25613405,validation,MANIPULATION,1.1738974340582096
25644693,validation,MANIPULATION,1.2052860491425235
25648842,validation,MANIPULATION,1.2956696261988885
25659130,validation,MANIPULATION,1.0451739950289334
25671708,validation,MANIPULATION,1.0894037383854
25697860,validation,MANIPULATION,1.1136903718020241
25701795,validation,MANIPULATION,1.2415151953945125
25711137,validation,MANIPULATION,1.0090587927650967
25716010,validation,MANIPULATION,1.237755784294561
25722245,validation,MANIPULATION,1.206766821856771
25728174,validation,MANIPULATION,1.279620584932624
25729358,validation,MANIPULATION,1.2008898140679956
25735196,validation,MANIPULATION,1.1674352503117464
25759285,validation,MANIPULATION,1.1349918089534954
25762672,validation,MANIPULATION,1.2450066318251507
25776218,validation,MANIPULATION,1.2350610923940581
25788883,validation,MANIPULATION,1.219480982213697
25805323,validation,MANIPULATION,1.2325993809350453
25818869,validation,MANIPULATION,1.1073985027340907
25833189,validation,MANIPULATION,1.2075291862142947
25858968,validation,MANIPULATION,1.2313946634775912
25859661,validation,MANIPULATION,1.0865308117289925
25864196,validation,MANIPULATION,1.1600773788918053
25878280,validation,MANIPULATION,1.286651522341561
25879781,validation,MANIPULATION,1.1755818855948172
25885533,validation,MANIPULATION,1.2431220430468222
25887154,validation,MANIPULATION,1.131190183438547
25887261,validation,MANIPULATION,1.1284356564368854
25892719,validation,MANIPULATION,1.087312014362329
25901448,validation,MANIPULATION,1.194569702038815
25907518,validation,MANIPULATION,1.1434821820909713
25911584,validation,MANIPULATION,1.0761351639166394
25925368,validation,MANIPULATION,1.1367534629368257
25935068,validation,MANIPULATION,1.198330095641235
25951196,validation,MANIPULATION,1.3148996208052242
25962831,validation,MANIPULATION,1.1856298164086392
25970523,validation,MANIPULATION,1.1459340231710353
25972116,validation,MANIPULATION,1.2502216545761065
25995462,validation,MANIPULATION,1.0976842764238932
26004037,validation,MANIPULATION,1.1275577048973269
26004062,validation,MANIPULATION,1.2425126787274956
26026707,validation,MANIPULATION,1.2545061994272482
26032579,validation,MANIPULATION,1.1720091997999857
26042457,validation,MANIPULATION,1.2621102175009302
26055423,validation,MANIPULATION,1.1972252508368462
26063914,validation,MANIPULATION,1.2594327061462913
26074796,validation,MANIPULATION,1.1478858661472333
26080312,validation,MANIPULATION,1.209216254458988
26089782,validation,MANIPULATION,1.2000319260097738
26101832,validation,MANIPULATION,1.2191950115488528
26106538,validation,MANIPULATION,1.250804755551154
26142072,validation,MANIPULATION,1.1487010596996872
26159323,validation,MANIPULATION,1.1338913749491248
26159604,validation,MANIPULATION,1.1272979511191534
26163803,validation,MANIPULATION,1.272951063818968
26173859,validation,MANIPULATION,1.0896861684977321
26189075,validation,MANIPULATION,1.091953645827959
26205825,validation,MANIPULATION,1.2214094577629409
26219536,validation,MANIPULATION,1.2408346901326892
26220748,validation,MANIPULATION,1.1559159993623298
26235682,validation,MANIPULATION,1.112917484556051
26239178,validation,MANIPULATION,1.1580300657118106
26249369,validation,MANIPULATION,1.2116068314538
26257053,validation,MANIPULATION,1.046843931337321
26270056,validation,MANIPULATION,1.1144677341683153
26277774,validation,MANIPULATION,1.214770537468728
26290231,validation,MANIPULATION,1.208009986141963
26294367,validation,MANIPULATION,1.1954648049435073
26297625,validation,MANIPULATION,1.2596064569596868
26302670,validation,MANIPULATION,1.294446304675368
26323584,validation,MANIPULATION,1.0530182675034818
26324898,validation,MANIPULATION,1.225603063635271
26347485,validation,MANIPULATION,1.3180289099437468
26350954,validation,MANIPULATION,1.262670290225728
26351993,validation,MANIPULATION,1.2312441773436826
26366641,validation,MANIPULATION,1.2027410242637617
26376449,validation,MANIPULATION,1.2858523717934665
26379526,validation,MANIPULATION,1.2143146987817643
26382748,validation,MANIPULATION,1.135075546751799
26400921,validation,MANIPULATION,1.1503699319818037
26400929,validation,MANIPULATION,1.159498712361171
26401811,validation,MANIPULATION,1.2220836474752408
26419890,validation,MANIPULATION,1.1835102244479017
26439268,validation,MANIPULATION,1.1569121927064647
26440126,validation,MANIPULATION,1.1097150911085978
26471057,validation,MANIPULATION,1.204963479143257
26484047,validation,MANIPULATION,1.1587797694047184
26500517,validation,MANIPULATION,1.1976599117385327
26541580,validation,MANIPULATION,1.2295644707917055
26559669,validation,MANIPULATION,1.1092112492172503
26589334,validation,MANIPULATION,1.2434344252993352
26621704,validation,MANIPULATION,1.2153051355130542
26658926,validation,MANIPULATION,1.2579993013988866
26667034,validation,MANIPULATION,1.1497256497395505
26685907,validation,MANIPULATION,1.2377485039081322
26724779,validation,MANIPULATION,1.147471472389361
26745874,validation,MANIPULATION,1.1706964088470733
26786152,validation,MANIPULATION,1.274184585091793
26796715,validation,MANIPULATION,1.1109470193640902
26826515,validation,MANIPULATION,1.1779420710619153
26884544,validation,MANIPULATION,1.2391522284787144
26904405,validation,MANIPULATION,1.1496473688852826
26908320,validation,MANIPULATION,1.1787329466608776
26917433,validation,MANIPULATION,1.1216893830454415
26935553,validation,MANIPULATION,1.1221223662016955
26942317,validation,MANIPULATION,1.1665294217583793
26961091,validation,MANIPULATION,1.0710621113059016
26961945,validation,MANIPULATION,1.1281489062712686
26973170,validation,MANIPULATION,1.16464023168313
26985666,validation,MANIPULATION,1.032064977607284
27000307,validation,MANIPULATION,1.198561537070272
27004987,validation,MANIPULATION,1.0713143657225248
27038410,validation,MANIPULATION,1.1099028787693466
27090803,validation,MANIPULATION,1.081503593991684
27091676,validation,MANIPULATION,1.257440393411118
27091970,validation,MANIPULATION,1.2738777841117497
27122031,validation,MANIPULATION,1.238702208213912
27148024,validation,MANIPULATION,1.1309586726613958
27172859,validation,MANIPULATION,1.2298651112840002
27181762,validation,MANIPULATION,1.2317064737990833
27194340,validation,MANIPULATION,1.132784316400012
27199724,validation,MANIPULATION,1.1391490242242603
27208815,validation,MANIPULATION,1.1642213409952187
27233784,validation,MANIPULATION,1.1485346809319879
27233826,validation,MANIPULATION,1.2058188845599211
27244237,validation,MANIPULATION,1.0584475627140155
27263508,validation,MANIPULATION,1.152054867606882
27313526,validation,MANIPULATION,1.2403589061900802
27354958,validation,MANIPULATION,1.1871197959497883
27363008,validation,MANIPULATION,1.2102049059286353
27373768,validation,MANIPULATION,1.2661241275227777
27375466,validation,MANIPULATION,1.2655592505945328
27445733,validation,MANIPULATION,1.1672788636430762
27452804,validation,MANIPULATION,1.1512030479943614
27474853,validation,MANIPULATION,1.2207603529451654
27477494,validation,MANIPULATION,1.2390955719534078
27477623,validation,MANIPULATION,1.1530794569332392
27482098,validation,MANIPULATION,1.2736838531662544
27494142,validation,MANIPULATION,1.113812795845624
27531974,validation,MANIPULATION,1.2170663544124745
27625311,validation,MANIPULATION,1.1361659965685207
27650816,validation,MANIPULATION,1.2259063886682597
27664826,validation,MANIPULATION,1.0620569745367745
27671502,validation,MANIPULATION,1.2116861025168137
27676616,validation,MANIPULATION,1.2151007511195118
27683914,validation,MANIPULATION,1.2821010819319476
27684499,validation,MANIPULATION,1.1204195880382501
27688202,validation,MANIPULATION,1.043318781918278
27727243,validation,MANIPULATION,1.2254425293485172
27738993,validation,MANIPULATION,1.0541735472262919
27743376,validation,MANIPULATION,1.170775968297931
27813194,validation,MANIPULATION,1.2592734521562372
27821732,validation,MANIPULATION,1.1883991339600726
27859960,validation,MANIPULATION,1.1343085906085695
27867102,validation,MANIPULATION,1.2605007235128742
27895564,validation,MANIPULATION,1.2456817434627034
27897678,validation,MANIPULATION,1.2364788340797255
27912160,validation,MANIPULATION,1.215914523869205
27955939,validation,MANIPULATION,1.0099605308937607
27978457,validation,MANIPULATION,1.157950921511646
27986927,validation,MANIPULATION,1.1874460881317506
27991030,validation,MANIPULATION,1.2138963906880553
27991592,validation,MANIPULATION,1.140934726621684
27995061,validation,MANIPULATION,1.1767603777019602
27998996,validation,MANIPULATION,1.2540210083233907
28009076,validation,MANIPULATION,1.2440286427933622
28011171,validation,MANIPULATION,1.1397866310146225
28025017,validation,MANIPULATION,1.2196335394576838
28073936,validation,MANIPULATION,1.2102005816076142
28083891,validation,MANIPULATION,1.2070748213619047
28093278,validation,MANIPULATION,1.2640187655784545
28103527,validation,MANIPULATION,1.1395912706476818
28123033,validation,MANIPULATION,1.144568744930466
28139959,validation,MANIPULATION,1.2376663810312822
28140398,validation,MANIPULATION,1.2334963157906569
28158779,validation,MANIPULATION,1.1417557200765478
28161387,validation,MANIPULATION,1.1143183166426631
28190516,validation,MANIPULATION,1.2466649788526598
28194095,validation,MANIPULATION,1.1979417237775363
28209734,validation,MANIPULATION,1.136200338130612
28213114,validation,MANIPULATION,1.1459265785813542
28213645,validation,MANIPULATION,1.1133307014637646
28225084,validation,MANIPULATION,1.077693862675449
28233073,validation,MANIPULATION,1.1048759146346918
28236166,validation,MANIPULATION,1.1124339758002155
28241401,validation,MANIPULATION,1.0295704149802476
28289225,validation,MANIPULATION,1.1591601096984168
28294713,validation,MANIPULATION,1.201915237890134
28348521,validation,MANIPULATION,1.1701271546816914
28359883,validation,MANIPULATION,1.0886467018048345
28406942,validation,MANIPULATION,1.264566029630534
28413778,validation,MANIPULATION,1.2651434876951981
28423021,validation,MANIPULATION,1.132209102685341
28430039,validation,MANIPULATION,1.2866219622809174
28439014,validation,MANIPULATION,1.1856666200165533
28457805,validation,MANIPULATION,1.2602838984647748
28458083,validation,MANIPULATION,1.0683597514734842
28471729,validation,MANIPULATION,1.1176174825352454
28496404,validation,MANIPULATION,1.206055825650711
28528847,validation,MANIPULATION,1.1746030190731942
28529472,validation,MANIPULATION,1.2052769200123783
28562207,validation,MANIPULATION,1.2599097226986522
28572756,validation,MANIPULATION,1.2902647379106513
28624581,validation,MANIPULATION,1.1157466869855748
28626019,validation,MANIPULATION,1.1813081383476312
28626967,validation,MANIPULATION,1.2382150315959042
28627049,validation,MANIPULATION,1.1152842896920678
28629974,validation,MANIPULATION,1.1956254339854178
28647596,validation,MANIPULATION,1.2095894894936277
28701932,validation,MANIPULATION,1.2211722363532065
28704424,validation,MANIPULATION,1.2655887427609487
28714580,validation,MANIPULATION,1.2445394359367943
28744950,validation,MANIPULATION,1.2463101437485078
28750832,validation,MANIPULATION,1.1778328557004527
28759780,validation,MANIPULATION,1.2425796461839957
28792094,validation,MANIPULATION,1.1277748199606896
28794980,validation,MANIPULATION,1.104328266453439
28824362,validation,MANIPULATION,1.2283927091089877
28844505,validation,MANIPULATION,1.0855784461658222
28878639,validation,MANIPULATION,1.1075282112716358
28890691,validation,MANIPULATION,1.0219109331165708
28901711,validation,MANIPULATION,1.1103704471432665
28916500,validation,MANIPULATION,1.272486585172104
28939991,validation,MANIPULATION,1.2229734222985098
28943838,validation,MANIPULATION,1.1873705488854542
28946019,validation,MANIPULATION,1.2468625532408948
28947578,validation,MANIPULATION,1.141263291086044
28951453,validation,MANIPULATION,1.2801023975141146
28970144,validation,MANIPULATION,1.256738853107577
28971003,validation,MANIPULATION,1.1316755191176693
28987910,validation,MANIPULATION,1.18926711904793
29080232,validation,MANIPULATION,1.2120855210237709
29169125,validation,MANIPULATION,1.1388801793961247
29174728,validation,MANIPULATION,1.1366652666522494
29180957,validation,MANIPULATION,1.2666705852586737
29235185,validation,MANIPULATION,1.1986013872975534
29244231,validation,MANIPULATION,1.1220323515516417
29250867,validation,MANIPULATION,1.1938421630827833
29253658,validation,MANIPULATION,1.292826134861024
29265483,validation,MANIPULATION,1.268212263704586
29305161,validation,MANIPULATION,1.0848086207601335
29355770,validation,MANIPULATION,1.2247048446038924
29374356,validation,MANIPULATION,1.242581083318643
29400912,validation,MANIPULATION,1.0432216860561752
29408576,validation,MANIPULATION,1.0909996380421472
29409920,validation,MANIPULATION,1.1127003863878824
29425803,validation,MANIPULATION,1.1236052745870306
29428581,validation,MANIPULATION,1.0994800550524908
29456134,validation,MANIPULATION,1.1904312854010342
29456489,validation,MANIPULATION,1.1530457466892776
29464552,validation,MANIPULATION,1.1111382638885514
29486320,validation,MANIPULATION,1.2153120081301556
29493113,validation,MANIPULATION,1.1050286403019076
29556183,validation,MANIPULATION,1.2219306840395832
29611075,validation,MANIPULATION,1.2908649983631184
29636448,validation,MANIPULATION,1.222682827353253
29654876,validation,MANIPULATION,1.2004998856545095
29681804,validation,MANIPULATION,1.1687368478377702
29700893,validation,MANIPULATION,1.1320118833156474
29748772,validation,MANIPULATION,1.2736855299700687
29779737,validation,MANIPULATION,1.2482039950533579
29779744,validation,MANIPULATION,1.2711143239098697
29876255,validation,MANIPULATION,1.0738961244339593
29885763,validation,MANIPULATION,1.1794826871623016
29923271,validation,MANIPULATION,1.1435791702579359
1884179,validation,SEMANTIC_PROCESSING,1.2661890088062662
9674604,validation,SEMANTIC_PROCESSING,1.251673786284888
10468516,validation,SEMANTIC_PROCESSING,1.1746997265013572
11071493,validation,SEMANTIC_PROCESSING,1.2505598167577834
12117366,validation,SEMANTIC_PROCESSING,1.1736402259032563
12679298,validation,SEMANTIC_PROCESSING,1.226174926835103
15340931,validation,SEMANTIC_PROCESSING,1.2075096870673607
15728651,validation,SEMANTIC_PROCESSING,1.2799206734281554
15895428,validation,SEMANTIC_PROCESSING,1.3440432139198084
16767768,validation,SEMANTIC_PROCESSING,1.2829452218490105
16934491,validation,SEMANTIC_PROCESSING,1.0850717304304751
17109899,validation,SEMANTIC_PROCESSING,1.0820279948300124
17455365,validation,SEMANTIC_PROCESSING,1.1253873409105462
17504782,validation,SEMANTIC_PROCESSING,1.259799314959465
17531310,validation,SEMANTIC_PROCESSING,1.1678415732014766
17617658,validation,SEMANTIC_PROCESSING,1.134931685184677
18060812,validation,SEMANTIC_PROCESSING,1.2694253896395944
18296551,validation,SEMANTIC_PROCESSING,1.087651275032221
18329093,validation,SEMANTIC_PROCESSING,1.2181079119270724
18396063,validation,SEMANTIC_PROCESSING,1.1567366225393256
18524627,validation,SEMANTIC_PROCESSING,1.2780144412637884
18694836,validation,SEMANTIC_PROCESSING,1.3635829829706252
18703146,validation,SEMANTIC_PROCESSING,1.1957113206063787
18823254,validation,SEMANTIC_PROCESSING,1.126407822680231
19101025,validation,SEMANTIC_PROCESSING,1.297738063753825
19171195,validation,SEMANTIC_PROCESSING,1.1495197472957197
19301991,validation,SEMANTIC_PROCESSING,1.1489215708065146
19366285,validation,SEMANTIC_PROCESSING,1.3671143517605582
19631717,validation,SEMANTIC_PROCESSING,1.2963997996251129
19715732,validation,SEMANTIC_PROCESSING,1.1954308500730833
19812331,validation,SEMANTIC_PROCESSING,1.097270936847415
20201631,validation,SEMANTIC_PROCESSING,1.2677532941121492
20410363,validation,SEMANTIC_PROCESSING,1.312682559493342
20488886,validation,SEMANTIC_PROCESSING,1.2896332417849328
21350046,validation,SEMANTIC_PROCESSING,1.3189930912743273
21391281,validation,SEMANTIC_PROCESSING,1.3580135753896891
21632945,validation,SEMANTIC_PROCESSING,1.3729355444484268
21749924,validation,SEMANTIC_PROCESSING,1.156945753109537
22451328,validation,SEMANTIC_PROCESSING,1.1537862152218605
22609577,validation,SEMANTIC_PROCESSING,1.1515150570184347
22936472,validation,SEMANTIC_PROCESSING,1.3029401150899693
22951258,validation,SEMANTIC_PROCESSING,1.1945851467892539
23183709,validation,SEMANTIC_PROCESSING,1.252132053825985
23250955,validation,SEMANTIC_PROCESSING,1.2972836646927157
23416451,validation,SEMANTIC_PROCESSING,1.1148060399807214
23751864,validation,SEMANTIC_PROCESSING,1.1442551712139246
24288150,validation,SEMANTIC_PROCESSING,1.2215580120819705
24418156,validation,SEMANTIC_PROCESSING,1.1215107595357778
24526569,validation,SEMANTIC_PROCESSING,1.1704821822963383
24556336,validation,SEMANTIC_PROCESSING,1.1408062814501678
24726334,validation,SEMANTIC_PROCESSING,1.2247793256263693
25080851,validation,SEMANTIC_PROCESSING,1.0564167274310834
25497693,validation,SEMANTIC_PROCESSING,1.1794594686404678
25632119,validation,SEMANTIC_PROCESSING,1.2691430728655189
25741262,validation,SEMANTIC_PROCESSING,1.1929810060509785
25858311,validation,SEMANTIC_PROCESSING,1.0925618151868162
26420279,validation,SEMANTIC_PROCESSING,1.0789715658025936
26666896,validation,SEMANTIC_PROCESSING,1.3025260423267293
27014039,validation,SEMANTIC_PROCESSING,1.3303083661327904
27118049,validation,SEMANTIC_PROCESSING,1.1573217637193791
27238550,validation,SEMANTIC_PROCESSING,1.1367889515016767
27452151,validation,SEMANTIC_PROCESSING,1.2049558526141406
27622923,validation,SEMANTIC_PROCESSING,1.178707465050661
28129061,validation,SEMANTIC_PROCESSING,1.3219176582906893
28257930,validation,SEMANTIC_PROCESSING,1.0505582135011866
28424605,validation,SEMANTIC_PROCESSING,1.2134550472488181
28542396,validation,SEMANTIC_PROCESSING,1.3298468319011254
28648285,validation,SEMANTIC_PROCESSING,1.1190933971347037
28948083,validation,SEMANTIC_PROCESSING,1.133856255005871
29636671,validation,SEMANTIC_PROCESSING,1.0324408273708408
29956400,validation,SEMANTIC_PROCESSING,1.3595286253453853
8929174,validation,SOCIAL_COGNITION,1.1598430712588426
10482774,validation,SOCIAL_COGNITION,1.1074131831129332
15006673,validation,SOCIAL_COGNITION,1.0741608364507538
15019708,validation,SOCIAL_COGNITION,1.0766656146707139
15528097,validation,SOCIAL_COGNITION,1.076169565660121
17008334,validation,SOCIAL_COGNITION,1.156125063076262
20123027,validation,SOCIAL_COGNITION,1.097702343645786
20493953,validation,SOCIAL_COGNITION,1.158183936354401
21047627,validation,SOCIAL_COGNITION,1.0668161132946714
21300113,validation,SOCIAL_COGNITION,1.1316291654708415
21320248,validation,SOCIAL_COGNITION,1.0612563159143673
21917846,validation,SOCIAL_COGNITION,1.1049766458217736
21936743,validation,SOCIAL_COGNITION,1.0199277840318712
22038706,validation,SOCIAL_COGNITION,1.0885113430911957
22487549,validation,SOCIAL_COGNITION,1.0373754946818448
22579645,validation,SOCIAL_COGNITION,1.2390867525169416
22637582,validation,SOCIAL_COGNITION,1.093713670727227
23342148,validation,SOCIAL_COGNITION,1.0755599682140833
24361475,validation,SOCIAL_COGNITION,1.0795955989026818
25081815,validation,SOCIAL_COGNITION,1.04911632531893
25149412,validation,SOCIAL_COGNITION,1.1507149120499653
25188200,validation,SOCIAL_COGNITION,1.1620194847429708
25305809,validation,SOCIAL_COGNITION,1.00937890712983
25680990,validation,SOCIAL_COGNITION,1.1225481154810506
25688196,validation,SOCIAL_COGNITION,1.2434298514042441
25703807,validation,SOCIAL_COGNITION,1.1843583672243947
27479922,validation,SOCIAL_COGNITION,1.1303884562600035
27803656,validation,SOCIAL_COGNITION,1.1933459435138278
29676512,validation,SOCIAL_COGNITION,1.060168721524756
12810004,validation,ANTICIPATION,1.193396400118731
15661452,validation,ANTICIPATION,1.2356333637954562
19415407,validation,ANTICIPATION,1.196126079628518
19446443,validation,ANTICIPATION,1.2161530680057442
22323419,validation,ANTICIPATION,1.2124181415700253
23618495,validation,ANTICIPATION,1.2681896650378133
29143414,validation,ANTICIPATION,1.2215133611925442
9462480,validation,RECALL,1.0709598114346974
9620699,validation,RECALL,1.0187782361364384
10634894,validation,RECALL,1.0598679100668533
12150424,validation,RECALL,1.0818803386687639
12165401,validation,RECALL,1.1067705268747905
12399143,validation,RECALL,1.0823677254103519
12595197,validation,RECALL,1.2050707082798902
12634477,validation,RECALL,1.0290977514067008
14568509,validation,RECALL,1.1380883001821742
14670575,validation,RECALL,1.1426338827379374
14981255,validation,RECALL,1.0311015602447564
15163682,validation,RECALL,1.112036042797204
15817513,validation,RECALL,1.1635231130174075
15860342,validation,RECALL,1.2074363199970601
15862220,validation,RECALL,1.0168715806812212
15955493,validation,RECALL,1.11478171910188
16281289,validation,RECALL,1.1157790908043133
16603133,validation,RECALL,1.1031736083369417
16738250,validation,RECALL,1.217187091452864
16837589,validation,RECALL,1.1336360218971695
16908199,validation,RECALL,1.0968102984907226
17021168,validation,RECALL,1.1260307285778102
17032778,validation,RECALL,1.0966890944003151
17548799,validation,RECALL,1.0463450111268047
17942736,validation,RECALL,1.157082698432876
17958489,validation,RECALL,1.223021054361348
18191587,validation,RECALL,1.095894651904139
18284340,validation,RECALL,1.079721246191506
18573512,validation,RECALL,1.0149547570153037
18685147,validation,RECALL,1.243174003259387
19015077,validation,RECALL,1.0941505722804472
19036975,validation,RECALL,1.0976533416633862
19081708,validation,RECALL,1.2315298047839052
19176471,validation,RECALL,1.113403394990528
19200075,validation,RECALL,1.0708259676214835
19428683,validation,RECALL,1.1026730996499987
19486137,validation,RECALL,1.0882324999266326
19621369,validation,RECALL,1.0536399195735886
19674398,validation,RECALL,1.086058470601666
19720071,validation,RECALL,1.154585723614035
20005295,validation,RECALL,1.132750916138271
20045069,validation,RECALL,1.1763500232841064
20194512,validation,RECALL,1.0574207177908763
20194514,validation,RECALL,1.082510300712366
20232398,validation,RECALL,1.2563508279070112
20350176,validation,RECALL,1.0413234072088007
20659568,validation,RECALL,1.1187110818340962
20728550,validation,RECALL,1.1450984125503
20833223,validation,RECALL,1.093444248833163
20865729,validation,RECALL,1.3040648402537025
20865733,validation,RECALL,1.2819539083817197
21813114,validation,RECALL,1.0256509892970365
21823207,validation,RECALL,1.155949431030695
21880911,validation,RECALL,1.1091877137066273
22119654,validation,RECALL,1.2535453768329128
22291626,validation,RECALL,1.1125744745153963
22304227,validation,RECALL,1.1062732501847417
22386970,validation,RECALL,1.0633599610315738
22745496,validation,RECALL,1.184304026967956
22883909,validation,RECALL,1.1024250461895164
22892310,validation,RECALL,1.0616396823295893
22937055,validation,RECALL,1.085677299932651
23137948,validation,RECALL,1.1512614905670233
23219676,validation,RECALL,1.0803109781177729
23270974,validation,RECALL,1.143741691158467
23607935,validation,RECALL,1.070448085180747
23620758,validation,RECALL,1.026126400529768
23674488,validation,RECALL,1.04140641324305
23685776,validation,RECALL,1.03501357973703
23911780,validation,RECALL,1.2197632904122964
23945999,validation,RECALL,1.1129179898824946
23966922,validation,RECALL,1.140124886357299
24009565,validation,RECALL,1.1831158785556157
24072888,validation,RECALL,1.1429492414550395
24119792,validation,RECALL,1.1251561081420944
24139823,validation,RECALL,1.2197632904122964
24148912,validation,RECALL,1.0279149472372477
24392092,validation,RECALL,1.2619136180349138
24493842,validation,RECALL,1.0955107508865276
24659134,validation,RECALL,1.2377225271875085
25127369,validation,RECALL,1.0726019390239825
25372882,validation,RECALL,1.0989781745004028
25433457,validation,RECALL,1.2220141425914661
25444600,validation,RECALL,1.1872900392197177
25577413,validation,RECALL,1.1752655228397049
25613646,validation,RECALL,1.1296545511932476
25793291,validation,RECALL,1.0925616908163205
25859188,validation,RECALL,1.259955324739946
26076800,validation,RECALL,1.0721542892171496
26132815,validation,RECALL,1.0968917554172588
26807840,validation,RECALL,1.142236470867884
26918638,validation,RECALL,1.1452150636487726
27133526,validation,RECALL,1.2749127496646955
27145325,validation,RECALL,1.0656377636842889
27813234,validation,RECALL,1.0543582708319363
27818626,validation,RECALL,1.0714928207095509
27921340,validation,RECALL,1.0467793399230214
27969061,validation,RECALL,1.086796168258023
28213445,validation,RECALL,1.1583004031751876
28559378,validation,RECALL,1.102046625345346
29058357,validation,RECALL,1.07207503136641
29122402,validation,RECALL,1.0601753530977842
29190526,validation,RECALL,1.109369448896474
29331877,validation,RECALL,1.0584532582352162
9343589,validation,FAMILIARITY,1.0875696455100483
9799627,validation,FAMILIARITY,1.1452130309973485
11742218,validation,FAMILIARITY,1.0954958265760697
12135971,validation,FAMILIARITY,1.2104573944087018
12414272,validation,FAMILIARITY,1.131699337756039
14683699,validation,FAMILIARITY,1.1999511729341596
15294149,validation,FAMILIARITY,1.150352877239932
15489009,validation,FAMILIARITY,1.1110254826950636
15964209,validation,FAMILIARITY,1.1616887166698464
16099355,validation,FAMILIARITY,1.0779118885981949
16478667,validation,FAMILIARITY,1.1626264989360293
16901520,validation,FAMILIARITY,1.2128845225961913
16959412,validation,FAMILIARITY,1.1492255314565305
17881109,validation,FAMILIARITY,1.2092409855604354
18160644,validation,FAMILIARITY,1.221896960317295
19015038,validation,FAMILIARITY,1.0812070284218336
19061937,validation,FAMILIARITY,1.122232866818292
19218875,validation,FAMILIARITY,1.098495306682571
19932154,validation,FAMILIARITY,1.1189364668257018
20035018,validation,FAMILIARITY,1.0554108365780959
20433856,validation,FAMILIARITY,1.060845773198708
22421385,validation,FAMILIARITY,1.1346523131360597
22446489,validation,FAMILIARITY,1.1684552773038759
22538070,validation,FAMILIARITY,1.1589248809719923
22678652,validation,FAMILIARITY,1.164719704557055
23209583,validation,FAMILIARITY,1.221369344494255
23904335,validation,FAMILIARITY,1.1497994788620622
24019938,validation,FAMILIARITY,1.1571495403570304
24078019,validation,FAMILIARITY,1.079595300464927
24231038,validation,FAMILIARITY,1.1791777546690188
24368264,validation,FAMILIARITY,1.2172776710589814
24612152,validation,FAMILIARITY,1.1225607276106675
24872554,validation,FAMILIARITY,1.1486310256309966
25064431,validation,FAMILIARITY,1.2165770900467567
25282143,validation,FAMILIARITY,1.0772106624976365
25332108,validation,FAMILIARITY,1.144122570686065
25462197,validation,FAMILIARITY,1.1246752393166628
25796342,validation,FAMILIARITY,1.119637075653375
26691735,validation,FAMILIARITY,1.1194992773304178
27045451,validation,FAMILIARITY,1.1552447718771954
27412230,validation,FAMILIARITY,1.1261073465495464
27477629,validation,FAMILIARITY,1.1512905861108191
27665526,validation,FAMILIARITY,1.1774153165501977
27965391,validation,FAMILIARITY,1.174343664429716
28046076,validation,FAMILIARITY,1.143583538341075
28246034,validation,FAMILIARITY,1.1936945736732079
28290076,validation,FAMILIARITY,1.1401025513985021
28606629,validation,FAMILIARITY,1.1121499807738442
28746902,validation,FAMILIARITY,1.143393099584971
19823984,validation,SALIENCE,1.0201884709998548
20236805,validation,SALIENCE,1.1817147846059384
21232578,validation,SALIENCE,1.160380132541486
21616156,validation,SALIENCE,1.0465986042070028
22079451,validation,SALIENCE,1.039671217311688
23801740,validation,SALIENCE,1.129420278028045
24297883,validation,SALIENCE,1.0277731142305833
26523791,validation,SALIENCE,1.173776001470632
27004799,validation,SALIENCE,1.1190441518704581
28193868,validation,SALIENCE,1.1344873946481713
28551067,validation,SALIENCE,1.0837102236977947
29316519,validation,SALIENCE,1.178004721226324
29673968,validation,SALIENCE,1.1322613645201804
1527602,validation,COGNITIVE_PROCESS,1.069480686534156
9160646,validation,COGNITIVE_PROCESS,1.023539990549269
9559951,validation,COGNITIVE_PROCESS,1.0717382487219285
10202575,validation,COGNITIVE_PROCESS,1.0362410702998872
10376114,validation,COGNITIVE_PROCESS,1.0981921019657446
10978687,validation,COGNITIVE_PROCESS,1.0525664956502352
11110834,validation,COGNITIVE_PROCESS,1.0513037769938227
11133799,validation,COGNITIVE_PROCESS,1.0451893706323876
11313038,validation,COGNITIVE_PROCESS,1.0328530672593719
11384897,validation,COGNITIVE_PROCESS,1.088067262600245
11395019,validation,COGNITIVE_PROCESS,1.0251278756061064
11522575,validation,COGNITIVE_PROCESS,1.0400644100943834
11683908,validation,COGNITIVE_PROCESS,1.0399553776686
11804576,validation,COGNITIVE_PROCESS,1.010942056516771
12205161,validation,COGNITIVE_PROCESS,1.0717308920995925
12381499,validation,COGNITIVE_PROCESS,1.0780211791332217
12486176,validation,COGNITIVE_PROCESS,1.0862714432681528
12544830,validation,COGNITIVE_PROCESS,1.046467792260205
12880826,validation,COGNITIVE_PROCESS,1.0366155566302298
12911766,validation,COGNITIVE_PROCESS,1.1374313036947872
12948722,validation,COGNITIVE_PROCESS,1.0388382130480285
15084494,validation,COGNITIVE_PROCESS,1.0567351544471082
15184035,validation,COGNITIVE_PROCESS,1.074662811356565
15184037,validation,COGNITIVE_PROCESS,1.056414048566557
15200705,validation,COGNITIVE_PROCESS,1.0743600730737712
15301611,validation,COGNITIVE_PROCESS,1.0760725068308858
15306654,validation,COGNITIVE_PROCESS,1.075544619228252
15325374,validation,COGNITIVE_PROCESS,1.0604099698952345
15518940,validation,COGNITIVE_PROCESS,1.0768847517891165
15700721,validation,COGNITIVE_PROCESS,1.03967531966779
15800041,validation,COGNITIVE_PROCESS,1.0780358591073451
15827569,validation,COGNITIVE_PROCESS,1.1113451482125956
15907305,validation,COGNITIVE_PROCESS,1.034119099642305
15927486,validation,COGNITIVE_PROCESS,1.0468193768886693
15946863,validation,COGNITIVE_PROCESS,1.0274404136438204
15993629,validation,COGNITIVE_PROCESS,1.0240851804073197
16033924,validation,COGNITIVE_PROCESS,1.0730024681992705
16049191,validation,COGNITIVE_PROCESS,1.0099176053880852
16084739,validation,COGNITIVE_PROCESS,1.0198321022888186
16116457,validation,COGNITIVE_PROCESS,1.0898745907428284
16139997,validation,COGNITIVE_PROCESS,1.0244775099890326
16165102,validation,COGNITIVE_PROCESS,1.0287919263192027
16181793,validation,COGNITIVE_PROCESS,1.1662047401032505
16222226,validation,COGNITIVE_PROCESS,1.0491897462734407
16275810,validation,COGNITIVE_PROCESS,1.09915742121838
16326117,validation,COGNITIVE_PROCESS,1.0785061429048106
16414280,validation,COGNITIVE_PROCESS,1.025869977311786
16421886,validation,COGNITIVE_PROCESS,1.0901693898658495
16445387,validation,COGNITIVE_PROCESS,1.0482458772013412
16481440,validation,COGNITIVE_PROCESS,1.073882023305496
16495434,validation,COGNITIVE_PROCESS,1.098996627730679
16525858,validation,COGNITIVE_PROCESS,1.0641722936073934
16529951,validation,COGNITIVE_PROCESS,1.016187847085351
16603033,validation,COGNITIVE_PROCESS,1.1177579586599935
16603134,validation,COGNITIVE_PROCESS,1.0571135616906597
16708026,validation,COGNITIVE_PROCESS,1.1076252693058932
16860574,validation,COGNITIVE_PROCESS,1.0279372616639657
16934301,validation,COGNITIVE_PROCESS,1.091654189271326
16951408,validation,COGNITIVE_PROCESS,1.0742608006867838
16956979,validation,COGNITIVE_PROCESS,1.1026842165561583
17079679,validation,COGNITIVE_PROCESS,1.0264357451494242
17101844,validation,COGNITIVE_PROCESS,1.0153693371350376
17133391,validation,COGNITIVE_PROCESS,1.1108573003882887
17291724,validation,COGNITIVE_PROCESS,1.0443208488402869
17296989,validation,COGNITIVE_PROCESS,1.0722132723444
17315226,validation,COGNITIVE_PROCESS,1.1038583024181685
17350290,validation,COGNITIVE_PROCESS,1.109466116885961
17363277,validation,COGNITIVE_PROCESS,1.0594187941912787
17370344,validation,COGNITIVE_PROCESS,1.074274135771904
17375288,validation,COGNITIVE_PROCESS,1.0473453610605554
17400480,validation,COGNITIVE_PROCESS,1.0552199905885566
17460071,validation,COGNITIVE_PROCESS,1.1725466664006354
17588776,validation,COGNITIVE_PROCESS,1.1136920245060924
17658690,validation,COGNITIVE_PROCESS,1.0445723859993363
17714197,validation,COGNITIVE_PROCESS,1.126400547228499
17716795,validation,COGNITIVE_PROCESS,1.054767117849695
17719567,validation,COGNITIVE_PROCESS,1.1486696887221004
17765572,validation,COGNITIVE_PROCESS,1.0582438664742906
17902000,validation,COGNITIVE_PROCESS,1.1162491235917325
17904389,validation,COGNITIVE_PROCESS,1.0416905617908743
17950474,validation,COGNITIVE_PROCESS,1.1050174862762014
17997112,validation,COGNITIVE_PROCESS,1.0383379556367522
18063349,validation,COGNITIVE_PROCESS,1.1277965254374236
18079060,validation,COGNITIVE_PROCESS,1.1052143654157398
18261714,validation,COGNITIVE_PROCESS,1.0788123642640026
18279326,validation,COGNITIVE_PROCESS,1.0413481120857149
18302724,validation,COGNITIVE_PROCESS,1.105024804721682
18308586,validation,COGNITIVE_PROCESS,1.067865294367097
18367612,validation,COGNITIVE_PROCESS,1.0694021115173362
18476765,validation,COGNITIVE_PROCESS,1.1782877600321344
18499348,validation,COGNITIVE_PROCESS,1.0818120704160983
18499479,validation,COGNITIVE_PROCESS,1.0444372052381743
18511955,validation,COGNITIVE_PROCESS,1.0546471140474034
18540914,validation,COGNITIVE_PROCESS,1.0713318399540435
18573510,validation,COGNITIVE_PROCESS,1.0482113749677857
18586275,validation,COGNITIVE_PROCESS,1.037399387192911
18653667,validation,COGNITIVE_PROCESS,1.133285700901539
18706701,validation,COGNITIVE_PROCESS,1.1059350095522797
18728197,validation,COGNITIVE_PROCESS,1.110316510654011
18801444,validation,COGNITIVE_PROCESS,1.0164465183940654
18834944,validation,COGNITIVE_PROCESS,1.1102204537243447
18940230,validation,COGNITIVE_PROCESS,1.0612713919593224
19015079,validation,COGNITIVE_PROCESS,1.0471058575107017
19072897,validation,COGNITIVE_PROCESS,1.0120448423108837
19086020,validation,COGNITIVE_PROCESS,1.070753113526268
19109452,validation,COGNITIVE_PROCESS,1.0995208802386134
19146819,validation,COGNITIVE_PROCESS,1.0765086839032818
19158297,validation,COGNITIVE_PROCESS,1.0641350206901214
19182173,validation,COGNITIVE_PROCESS,1.0713587185026594
19237430,validation,COGNITIVE_PROCESS,1.142187131939647
19263420,validation,COGNITIVE_PROCESS,1.060269941102245
19303936,validation,COGNITIVE_PROCESS,1.100373921223295
19321651,validation,COGNITIVE_PROCESS,1.011578600751945
19384886,validation,COGNITIVE_PROCESS,1.089208118120385
19398537,validation,COGNITIVE_PROCESS,1.0408826045729545
19414046,validation,COGNITIVE_PROCESS,1.0395955388754912
19429861,validation,COGNITIVE_PROCESS,1.1241649760675776
19560121,validation,COGNITIVE_PROCESS,1.078972196653671
19603407,validation,COGNITIVE_PROCESS,1.068778066982551
19685956,validation,COGNITIVE_PROCESS,1.0451145651778129
19709634,validation,COGNITIVE_PROCESS,1.1260630816034618
19720989,validation,COGNITIVE_PROCESS,1.0754164034271319
19726640,validation,COGNITIVE_PROCESS,1.0587755215867898
19732480,validation,COGNITIVE_PROCESS,1.1746752920567811
19794914,validation,COGNITIVE_PROCESS,1.029113536436765
19948949,validation,COGNITIVE_PROCESS,1.0614151359707529
20005298,validation,COGNITIVE_PROCESS,1.108241156470658
20006716,validation,COGNITIVE_PROCESS,1.05664651884943
20041155,validation,COGNITIVE_PROCESS,1.181121209629402
20053536,validation,COGNITIVE_PROCESS,0.9923456734607867
20096794,validation,COGNITIVE_PROCESS,1.0890538729880261
20127869,validation,COGNITIVE_PROCESS,1.0913478868163904
20169080,validation,COGNITIVE_PROCESS,1.0495962741147837
20188516,validation,COGNITIVE_PROCESS,1.0704416395338663
20303408,validation,COGNITIVE_PROCESS,1.0847353869638845
20350933,validation,COGNITIVE_PROCESS,1.0827614502483383
20374289,validation,COGNITIVE_PROCESS,1.1358332768068724
20445032,validation,COGNITIVE_PROCESS,1.1410844505480142
20493622,validation,COGNITIVE_PROCESS,1.064117534335552
20510377,validation,COGNITIVE_PROCESS,1.1750486267264009
20521861,validation,COGNITIVE_PROCESS,1.0544457489930898
20534459,validation,COGNITIVE_PROCESS,1.0819213823738763
20570495,validation,COGNITIVE_PROCESS,1.0299063292238566
20599837,validation,COGNITIVE_PROCESS,1.0802357850679585
20617884,validation,COGNITIVE_PROCESS,1.021255870393277
20709177,validation,COGNITIVE_PROCESS,1.019725253071613
20727365,validation,COGNITIVE_PROCESS,1.043762135553976
20807052,validation,COGNITIVE_PROCESS,1.1082481366600365
20816974,validation,COGNITIVE_PROCESS,1.0467134356545058
20934190,validation,COGNITIVE_PROCESS,1.0157095494697732
20974260,validation,COGNITIVE_PROCESS,1.0479429233545896
21151556,validation,COGNITIVE_PROCESS,1.0860794452063773
21167644,validation,COGNITIVE_PROCESS,1.0622509281442576
21195197,validation,COGNITIVE_PROCESS,1.0305614988663494
21211567,validation,COGNITIVE_PROCESS,1.1106004537472514
21254797,validation,COGNITIVE_PROCESS,1.0707876718072085
21257158,validation,COGNITIVE_PROCESS,1.0870320583690298
21273421,validation,COGNITIVE_PROCESS,1.0913795604358667
21281720,validation,COGNITIVE_PROCESS,1.0124257467147935
21305668,validation,COGNITIVE_PROCESS,1.1285255012071531
21368086,validation,COGNITIVE_PROCESS,1.0401178678475167
21385617,validation,COGNITIVE_PROCESS,1.0824192997853148
21408006,validation,COGNITIVE_PROCESS,1.1061036537093027
21441989,validation,COGNITIVE_PROCESS,1.0483204048009902
21520342,validation,COGNITIVE_PROCESS,1.0190105341228282
21592741,validation,COGNITIVE_PROCESS,1.0725304550907593
21609968,validation,COGNITIVE_PROCESS,1.024057214781177
21644985,validation,COGNITIVE_PROCESS,1.090559182529948
21756946,validation,COGNITIVE_PROCESS,1.022614084480335
21793825,validation,COGNITIVE_PROCESS,1.165936146128754
21856429,validation,COGNITIVE_PROCESS,1.0889893942826974
21976411,validation,COGNITIVE_PROCESS,1.0347348567721246
22004983,validation,COGNITIVE_PROCESS,1.111639994263119
22028686,validation,COGNITIVE_PROCESS,1.029876351509189
22093442,validation,COGNITIVE_PROCESS,1.0676323923324793
22102882,validation,COGNITIVE_PROCESS,1.060564326313454
22122779,validation,COGNITIVE_PROCESS,1.0437215808538183
22178816,validation,COGNITIVE_PROCESS,1.1241176057159277
22190431,validation,COGNITIVE_PROCESS,1.1199761362850202
22197740,validation,COGNITIVE_PROCESS,1.0791544442252785
22198968,validation,COGNITIVE_PROCESS,1.0266505115624411
22275479,validation,COGNITIVE_PROCESS,1.0186532691610208
22276111,validation,COGNITIVE_PROCESS,1.0826056197228795
22401827,validation,COGNITIVE_PROCESS,1.0898217532593222
22403525,validation,COGNITIVE_PROCESS,1.0824267510639125
22406068,validation,COGNITIVE_PROCESS,1.1538128059690733
22476609,validation,COGNITIVE_PROCESS,1.0820313028341952
22497878,validation,COGNITIVE_PROCESS,1.068293176677862
22498079,validation,COGNITIVE_PROCESS,1.0611893104913315
22541443,validation,COGNITIVE_PROCESS,1.0901166914709048
22560888,validation,COGNITIVE_PROCESS,1.0973818544047889
22580084,validation,COGNITIVE_PROCESS,1.054582567039352
22580204,validation,COGNITIVE_PROCESS,1.170616038084509
22652538,validation,COGNITIVE_PROCESS,1.0718811188869475
22701631,validation,COGNITIVE_PROCESS,1.0953448736817943
22726841,validation,COGNITIVE_PROCESS,1.0468322942436683
22743002,validation,COGNITIVE_PROCESS,1.043032709159128
22760337,validation,COGNITIVE_PROCESS,1.1192552808425213
22763169,validation,COGNITIVE_PROCESS,1.0855836960886525
22798396,validation,COGNITIVE_PROCESS,1.0218180039445965
22809740,validation,COGNITIVE_PROCESS,1.0302346352243388
22813951,validation,COGNITIVE_PROCESS,1.0331161531308422
22818781,validation,COGNITIVE_PROCESS,1.094884591435602
22820891,validation,COGNITIVE_PROCESS,1.0193596218116696
22832388,validation,COGNITIVE_PROCESS,1.0600694985267605
22841782,validation,COGNITIVE_PROCESS,1.0592489390652247
22871393,validation,COGNITIVE_PROCESS,1.1093475404102788
22887826,validation,COGNITIVE_PROCESS,1.122773948129615
22902769,validation,COGNITIVE_PROCESS,1.113707380750374
22913381,validation,COGNITIVE_PROCESS,1.0695438475127987
22958533,validation,COGNITIVE_PROCESS,1.1288122471588273
22959916,validation,COGNITIVE_PROCESS,1.0400745468949395
22994937,validation,COGNITIVE_PROCESS,1.0663833953282373
23033120,validation,COGNITIVE_PROCESS,1.066663312647476
23046903,validation,COGNITIVE_PROCESS,1.0586184428548728
23060774,validation,COGNITIVE_PROCESS,1.0645969705309843
23082797,validation,COGNITIVE_PROCESS,1.0877912249693786
23115195,validation,COGNITIVE_PROCESS,1.135620470986398
23125121,validation,COGNITIVE_PROCESS,1.02980119567766
23155368,validation,COGNITIVE_PROCESS,1.1033476428806803
23194834,validation,COGNITIVE_PROCESS,1.0811330187552208
23238040,validation,COGNITIVE_PROCESS,1.125891320002187
23238432,validation,COGNITIVE_PROCESS,1.069701265326698
23240858,validation,COGNITIVE_PROCESS,1.0629914987423508
23251496,validation,COGNITIVE_PROCESS,1.0508089212753535
23261142,validation,COGNITIVE_PROCESS,1.113184517615179
23273106,validation,COGNITIVE_PROCESS,1.0391510170916771
23278978,validation,COGNITIVE_PROCESS,1.0709065301708562
23300517,validation,COGNITIVE_PROCESS,1.0260233756050163
23322890,validation,COGNITIVE_PROCESS,1.0217613130072123
23365249,validation,COGNITIVE_PROCESS,1.1344630294407003
23382821,validation,COGNITIVE_PROCESS,1.114586221555775
23389755,validation,COGNITIVE_PROCESS,1.11996607503379
23407973,validation,COGNITIVE_PROCESS,1.0971352181618383
23409009,validation,COGNITIVE_PROCESS,0.9966530760639217
23426687,validation,COGNITIVE_PROCESS,1.079245786178458
23483978,validation,COGNITIVE_PROCESS,1.021871543006673
23548839,validation,COGNITIVE_PROCESS,1.0492222418867756
23552078,validation,COGNITIVE_PROCESS,1.0730038362481207
23563962,validation,COGNITIVE_PROCESS,1.0820294869438691
23575842,validation,COGNITIVE_PROCESS,1.1017513664935117
23624492,validation,COGNITIVE_PROCESS,1.0049527541131211
23628432,validation,COGNITIVE_PROCESS,1.0607122604530135
23639390,validation,COGNITIVE_PROCESS,1.1380554766512416
23712665,validation,COGNITIVE_PROCESS,1.0941257265354225
23752177,validation,COGNITIVE_PROCESS,1.0437260453268384
23764406,validation,COGNITIVE_PROCESS,1.0894455752842966
23770538,validation,COGNITIVE_PROCESS,1.051705208284502
23791040,validation,COGNITIVE_PROCESS,1.0516433681192778
23792281,validation,COGNITIVE_PROCESS,1.1144697706016196
23811039,validation,COGNITIVE_PROCESS,1.023073911766028
23868876,validation,COGNITIVE_PROCESS,1.0739778092487473
23874543,validation,COGNITIVE_PROCESS,1.1525649641911992
23887820,validation,COGNITIVE_PROCESS,1.097896447091208
23910949,validation,COGNITIVE_PROCESS,1.0734294472392858
23920149,validation,COGNITIVE_PROCESS,1.0679055243038063
23937691,validation,COGNITIVE_PROCESS,1.0988913313765485
23968837,validation,COGNITIVE_PROCESS,1.1294477013784658
23972602,validation,COGNITIVE_PROCESS,1.0877839438081507
23975275,validation,COGNITIVE_PROCESS,1.1609446916275257
23983202,validation,COGNITIVE_PROCESS,1.0355705069219878
23986265,validation,COGNITIVE_PROCESS,1.0555615835998255
23990079,validation,COGNITIVE_PROCESS,1.1482783335385425
24009754,validation,COGNITIVE_PROCESS,1.0938005895005645
24074459,validation,COGNITIVE_PROCESS,1.0583334508162976
24076035,validation,COGNITIVE_PROCESS,1.0312417897796768
24086758,validation,COGNITIVE_PROCESS,1.1124985412089685
24107952,validation,COGNITIVE_PROCESS,1.0168762062597163
24155323,validation,COGNITIVE_PROCESS,0.9989084920515108
24156926,validation,COGNITIVE_PROCESS,1.0327538765869435
24167119,validation,COGNITIVE_PROCESS,1.050269218095722
24185022,validation,COGNITIVE_PROCESS,1.0688330741890724
24193893,validation,COGNITIVE_PROCESS,1.054027779313364
24214921,validation,COGNITIVE_PROCESS,1.0455786131505524
24259585,validation,COGNITIVE_PROCESS,0.9960027175872114
24263193,validation,COGNITIVE_PROCESS,1.0234265985423152
24285902,validation,COGNITIVE_PROCESS,1.0415106990045238
24334109,validation,COGNITIVE_PROCESS,1.0813104532450304
24388670,validation,COGNITIVE_PROCESS,1.0500686338269816
24409308,validation,COGNITIVE_PROCESS,1.0707337247771542
24424781,validation,COGNITIVE_PROCESS,1.032510497830817
24436009,validation,COGNITIVE_PROCESS,1.0774792462063274
24478665,validation,COGNITIVE_PROCESS,1.0616794961875635
24534632,validation,COGNITIVE_PROCESS,1.0946375412834155
24564471,validation,COGNITIVE_PROCESS,1.1075948323910565
24600366,validation,COGNITIVE_PROCESS,1.015399033228835
24623774,validation,COGNITIVE_PROCESS,1.0100479581728343
24642509,validation,COGNITIVE_PROCESS,1.0716262055675179
24656767,validation,COGNITIVE_PROCESS,1.1178614309289954
24667454,validation,COGNITIVE_PROCESS,1.0793594377713125
24710652,validation,COGNITIVE_PROCESS,1.115945583297532
24751570,validation,COGNITIVE_PROCESS,1.1435960132694543
24768119,validation,COGNITIVE_PROCESS,1.1004449429419483
24796655,validation,COGNITIVE_PROCESS,1.0473049070122373
24825503,validation,COGNITIVE_PROCESS,1.086433176735122
24882366,validation,COGNITIVE_PROCESS,1.149174567032986
24938878,validation,COGNITIVE_PROCESS,1.1029911161158032
24979748,validation,COGNITIVE_PROCESS,1.0459331182393257
24984958,validation,COGNITIVE_PROCESS,1.0694911698034009
25027478,validation,COGNITIVE_PROCESS,1.0342838472506526
25046361,validation,COGNITIVE_PROCESS,1.0601925618914854
25048028,validation,COGNITIVE_PROCESS,1.072170447504357
25111474,validation,COGNITIVE_PROCESS,1.0878487296367998
25183555,validation,COGNITIVE_PROCESS,1.04858878202123
25207971,validation,COGNITIVE_PROCESS,1.0474827394475996
25218414,validation,COGNITIVE_PROCESS,1.0813023347039514
25220389,validation,COGNITIVE_PROCESS,1.0665889695599229
25257972,validation,COGNITIVE_PROCESS,1.1111459438547708
25263602,validation,COGNITIVE_PROCESS,1.0591348536519338
25263609,validation,COGNITIVE_PROCESS,1.0578559696048364
25278862,validation,COGNITIVE_PROCESS,1.0379203679521285
25324216,validation,COGNITIVE_PROCESS,1.0554501682491748
25433095,validation,COGNITIVE_PROCESS,1.0907560641622993
25447334,validation,COGNITIVE_PROCESS,1.0802634224124417
25448779,validation,COGNITIVE_PROCESS,1.069989887573298
25456522,validation,COGNITIVE_PROCESS,1.1046696711626918
25463465,validation,COGNITIVE_PROCESS,1.0405740883412133
25481622,validation,COGNITIVE_PROCESS,1.1510201456141615
25524755,validation,COGNITIVE_PROCESS,1.055397996944842
25536500,validation,COGNITIVE_PROCESS,1.0125143834736594
25537682,validation,COGNITIVE_PROCESS,1.0849920416676233
25631056,validation,COGNITIVE_PROCESS,1.1229463680687521
25653384,validation,COGNITIVE_PROCESS,1.0417667255307612
25659234,validation,COGNITIVE_PROCESS,1.0734002287949789
25720857,validation,COGNITIVE_PROCESS,1.0363072406239004
25721566,validation,COGNITIVE_PROCESS,1.0733313588858386
25725377,validation,COGNITIVE_PROCESS,1.1601547346027816
25725510,validation,COGNITIVE_PROCESS,1.0662448489678535
25797238,validation,COGNITIVE_PROCESS,1.0643439699125434
25798918,validation,COGNITIVE_PROCESS,1.029075688244462
25801718,validation,COGNITIVE_PROCESS,1.0596657627474944
25812945,validation,COGNITIVE_PROCESS,1.0640870348925056
25979607,validation,COGNITIVE_PROCESS,1.0309158114939458
25979609,validation,COGNITIVE_PROCESS,1.0719755734494671
25998491,validation,COGNITIVE_PROCESS,1.0504984071097285
26010995,validation,COGNITIVE_PROCESS,1.1664087297425403
26049149,validation,COGNITIVE_PROCESS,1.0160779153865593
26061879,validation,COGNITIVE_PROCESS,1.1738147729895547
26076493,validation,COGNITIVE_PROCESS,1.02192144224696
26110112,validation,COGNITIVE_PROCESS,1.0526596957491332
26145276,validation,COGNITIVE_PROCESS,1.0259193412336103
26149610,validation,COGNITIVE_PROCESS,1.0948327136743152
26158468,validation,COGNITIVE_PROCESS,1.1230932596632772
26166191,validation,COGNITIVE_PROCESS,1.0688172725197929
26180190,validation,COGNITIVE_PROCESS,1.0748314462257624
26190983,validation,COGNITIVE_PROCESS,1.0703685484104062
26195296,validation,COGNITIVE_PROCESS,1.1350415450125626
26204524,validation,COGNITIVE_PROCESS,1.0955587537928015
26241476,validation,COGNITIVE_PROCESS,1.0706933275128154
26300450,validation,COGNITIVE_PROCESS,1.0712699286092002
26307468,validation,COGNITIVE_PROCESS,1.035120433011118
26400940,validation,COGNITIVE_PROCESS,1.0753447671703538
26442751,validation,COGNITIVE_PROCESS,1.1006717627251728
26472591,validation,COGNITIVE_PROCESS,1.0748588246114712
26481674,validation,COGNITIVE_PROCESS,1.0508716901909356
26488289,validation,COGNITIVE_PROCESS,1.0489209807821067
26528169,validation,COGNITIVE_PROCESS,1.085391949855197
26556814,validation,COGNITIVE_PROCESS,1.0505994877162244
26592808,validation,COGNITIVE_PROCESS,1.0286744924751792
26707717,validation,COGNITIVE_PROCESS,1.0247674966401752
26739226,validation,COGNITIVE_PROCESS,1.0788229555462971
26787138,validation,COGNITIVE_PROCESS,1.090431499841239
26854560,validation,COGNITIVE_PROCESS,1.0627004814946182
26873275,validation,COGNITIVE_PROCESS,1.0817996903041687
26930284,validation,COGNITIVE_PROCESS,1.126114204800908
27089970,validation,COGNITIVE_PROCESS,1.0573336629652976
27096474,validation,COGNITIVE_PROCESS,1.0729825835388709
27105037,validation,COGNITIVE_PROCESS,1.057760576421402
27168331,validation,COGNITIVE_PROCESS,1.023960510575073
27244227,validation,COGNITIVE_PROCESS,1.0266649551200107
27251183,validation,COGNITIVE_PROCESS,1.0813941305703962
27274075,validation,COGNITIVE_PROCESS,1.022208208618704
27280965,validation,COGNITIVE_PROCESS,1.0352803820134648
27369069,validation,COGNITIVE_PROCESS,1.0737370393764252
27392792,validation,COGNITIVE_PROCESS,1.0044746992234976
27436308,validation,COGNITIVE_PROCESS,1.052383125462287
27489536,validation,COGNITIVE_PROCESS,1.084866582026604
27524674,validation,COGNITIVE_PROCESS,1.0274159312894537
27549758,validation,COGNITIVE_PROCESS,1.0803624928279572
27551669,validation,COGNITIVE_PROCESS,1.1572762215867292
27566002,validation,COGNITIVE_PROCESS,1.045468138856498
27662482,validation,COGNITIVE_PROCESS,1.0334438957236531
27729852,validation,COGNITIVE_PROCESS,1.0663612917084788
27784627,validation,COGNITIVE_PROCESS,1.070923956040963
27796303,validation,COGNITIVE_PROCESS,1.045300559916895
27814962,validation,COGNITIVE_PROCESS,1.0537544218596824
27864082,validation,COGNITIVE_PROCESS,1.0545830213221177
27914042,validation,COGNITIVE_PROCESS,1.1379123040167174
27924836,validation,COGNITIVE_PROCESS,1.048385189906602
28031150,validation,COGNITIVE_PROCESS,1.0979320187075723
28174031,validation,COGNITIVE_PROCESS,1.0504511191119124
28174532,validation,COGNITIVE_PROCESS,1.0550243729284077
28210783,validation,COGNITIVE_PROCESS,1.05222570920341
28242539,validation,COGNITIVE_PROCESS,1.0275051060757385
28253082,validation,COGNITIVE_PROCESS,1.01867572605421
28321607,validation,COGNITIVE_PROCESS,1.0940363479720927
28412511,validation,COGNITIVE_PROCESS,1.0347210041134198
28422990,validation,COGNITIVE_PROCESS,1.028135963230578
28442224,validation,COGNITIVE_PROCESS,1.0727393398907454
28549797,validation,COGNITIVE_PROCESS,1.0615176980814045
28558364,validation,COGNITIVE_PROCESS,1.1336854646274908
28560155,validation,COGNITIVE_PROCESS,1.0378380517577437
28579400,validation,COGNITIVE_PROCESS,1.0482313253508437
28597337,validation,COGNITIVE_PROCESS,1.126987262406033
28598734,validation,COGNITIVE_PROCESS,1.053170097061285
28660668,validation,COGNITIVE_PROCESS,1.0460910988484764
28669911,validation,COGNITIVE_PROCESS,1.1308796883941716
28701382,validation,COGNITIVE_PROCESS,1.0340468717329643
28712089,validation,COGNITIVE_PROCESS,1.1633264530309086
28743059,validation,COGNITIVE_PROCESS,1.0510940782869813
28744969,validation,COGNITIVE_PROCESS,1.0326104544112045
28755632,validation,COGNITIVE_PROCESS,1.0626868918255554
28777996,validation,COGNITIVE_PROCESS,1.0635883453057886
28812218,validation,COGNITIVE_PROCESS,1.059566491388979
28832321,validation,COGNITIVE_PROCESS,1.0561245665850907
28866781,validation,COGNITIVE_PROCESS,1.1258532195874298
28877969,validation,COGNITIVE_PROCESS,1.0725451186753212
28921740,validation,COGNITIVE_PROCESS,1.0899059924688512
28929362,validation,COGNITIVE_PROCESS,1.0503475046725261
28976039,validation,COGNITIVE_PROCESS,1.0288824086976691
28992270,validation,COGNITIVE_PROCESS,1.148975140397526
29045575,validation,COGNITIVE_PROCESS,1.1382206242387345
29052307,validation,COGNITIVE_PROCESS,1.0792773216833615
29080235,validation,COGNITIVE_PROCESS,1.0434564942624347
29128142,validation,COGNITIVE_PROCESS,1.0599082854616104
29190830,validation,COGNITIVE_PROCESS,1.0362203497209403
29228027,validation,COGNITIVE_PROCESS,1.048433080938707
29378862,validation,COGNITIVE_PROCESS,1.0451382129551159
29408524,validation,COGNITIVE_PROCESS,1.0769935819873198
29456496,validation,COGNITIVE_PROCESS,1.0124748505509154
29466722,validation,COGNITIVE_PROCESS,1.0787423580105189
29467636,validation,COGNITIVE_PROCESS,1.0348617818807946
29477415,validation,COGNITIVE_PROCESS,1.0608812599301018
29484767,validation,COGNITIVE_PROCESS,1.024602004663984
29516582,validation,COGNITIVE_PROCESS,1.0442083371577144
29662447,validation,COGNITIVE_PROCESS,1.0088002257661024
29700724,validation,COGNITIVE_PROCESS,1.0588445469588323
29727768,validation,COGNITIVE_PROCESS,1.0976167248421738
29777673,validation,COGNITIVE_PROCESS,1.1037224323750752
29803001,validation,COGNITIVE_PROCESS,1.1491049441417107
